0 0 2143
1 2143 3148
2 3148 8590
3 8590 10564
4 10564 12068
5 12068 13927
6 13927 15100
7 15100 16280
8 16280 23241
9 23241 27000
10 27000 28026
11 28026 30502
12 30502 32737
13 32737 35963
14 35963 38554
15 38554 68600
16 68600 69700
17 69700 71450
18 71450 76563
19 76563 77817
20 77817 79471
21 79471 81206
22 81206 83620
23 83620 85302
24 85302 86888
25 86888 89531
26 89531 92757
27 92757 97425
28 97425 99213
29 99213 100172
30 100172 101670
31 101670 103728
32 103728 105260
33 105260 107064
34 107064 108356
35 108356 110267
36 110267 111894
37 111894 112758
38 112758 115480
39 115480 117359
40 117359 123518
41 123518 126251
42 126251 127659
43 127659 128869
44 128869 131561
45 131561 133022
46 133022 135343
47 135343 136815
48 136815 138159
49 138159 140355
50 140355 141880
51 141880 143600
52 143600 148824
53 148824 151416
54 151416 157030
55 157030 158710
56 158710 160012
57 160012 162987
58 162987 164594
59 164594 167389
60 167389 168688
61 168688 169554
62 169554 171167
63 171167 175168
64 175168 178410
65 178410 181401
66 181401 184764
67 184764 187482
68 187482 188895
69 188895 190271
70 190271 191161
71 191161 193332
72 193332 194965
73 194965 196061
74 196061 199391
75 199391 202598
76 202598 206382
77 206382 208142
78 208142 213020
79 213020 216890
80 216890 218663
81 218663 220454
82 220454 221429
83 221429 222705
84 222705 223696
85 223696 224864
86 224864 229956
87 229956 232243
88 232243 234104
89 234104 235239
90 235239 236537
91 236537 237781
92 237781 241970
93 241970 243482
94 243482 246177
95 246177 248324
96 248324 249429
97 249429 251269
98 251269 256274
99 256274 258618
100 258618 263756
101 263756 271587
102 271587 276912
103 276912 287926
104 287926 289765
105 289765 297039
106 297039 300734
107 300734 308667
108 308667 309152
109 309152 314372
110 314372 316873
111 316873 319961
112 319961 323847
113 323847 324603
114 324603 325481
115 325481 331160
116 331160 332651
117 332651 334796
118 334796 337421
119 337421 341094
120 341094 344371
121 344371 346464
122 346464 351297
123 351297 361446
124 361446 362040
125 362040 365211
126 365211 368671
127 368671 373992
128 373992 377762
129 377762 384017
130 384017 393880
131 393880 395962
132 395962 397600
133 397600 400730
134 400730 406317
135 406317 409992
136 409992 411981
137 411981 416382
138 416382 417753
139 417753 427213
140 427213 431796
141 431796 434384
142 434384 437966
143 437966 439776
144 439776 441266
145 441266 442778
146 442778 447501
147 447501 450399
148 450399 458965
149 458965 466747
150 466747 472060
151 472060 475108
152 475108 482239
153 482239 483440
154 483440 486248
155 486248 488843
156 488843 490798
157 490798 493122
158 493122 493653
159 493653 499541
160 499541 500065
161 500065 502145
162 502145 508777
163 508777 514664
164 514664 517189
165 517189 520268
166 520268 529214
167 529214 532835
168 532835 536733
169 536733 539778
170 539778 548739
171 548739 552784
172 552784 556182
173 556182 559825
174 559825 561297
175 561297 565784
176 565784 566811
177 566811 568592
178 568592 574193
179 574193 576293
180 576293 578094
181 578094 593953
182 593953 599891
183 599891 602150
184 602150 604773
185 604773 610181
186 610181 614108
187 614108 627884
188 627884 631715
189 631715 633569
190 633569 637213
191 637213 643812
192 643812 646778
193 646778 647348
194 647348 652043
195 652043 656604
196 656604 659319
197 659319 664067
198 664067 666230
199 666230 666975
200 666975 670666
201 670666 672676
202 672676 675902
203 675902 678773
204 678773 686360
205 686360 686780
206 686780 687302
207 687302 698572
208 698572 703073
209 703073 706759
210 706759 715795
211 715795 719212
212 719212 721273
213 721273 723284
214 723284 730425
215 730425 736899
216 736899 740599
217 740599 742855
218 742855 757834
219 757834 764258
220 764258 765596
221 765596 767581
222 767581 770528
223 770528 773122
224 773122 775268
225 775268 776866
226 776866 777616
227 777616 779016
228 779016 779760
229 779760 780156
230 780156 784153
231 784153 788087
232 788087 791159
233 791159 795333
234 795333 802950
235 802950 808397
236 808397 809762
237 809762 815098
238 815098 816280
239 816280 817218
240 817218 819086
241 819086 821515
242 821515 827021
243 827021 829541
244 829541 837651
245 837651 840131
246 840131 841056
247 841056 841912
248 841912 843564
249 843564 845812
250 845812 853108
251 853108 854758
252 854758 859536
253 859536 862002
254 862002 865649
255 865649 868351
256 868351 875329
257 875329 877642
258 877642 880674
259 880674 885288
260 885288 887820
261 887820 890714
262 890714 892629
263 892629 893913
264 893913 898660
265 898660 900304
266 900304 901317
267 901317 902929
268 902929 904739
269 904739 909358
270 909358 911041
271 911041 913736
272 913736 923095
273 923095 924982
274 924982 927626
275 927626 936726
276 936726 940287
277 940287 946455
278 946455 949834
279 949834 952800
280 952800 960692
281 960692 962436
282 962436 964647
283 964647 966304
284 966304 967277
285 967277 969675
286 969675 971364
287 971364 973155
288 973155 988244
289 988244 995641
290 995641 998794
291 998794 1000479
292 1000479 1001900
293 1001900 1009598
294 1009598 1011600
295 1011600 1013724
296 1013724 1015518
297 1015518 1017214
298 1017214 1019301
299 1019301 1020468
300 1020468 1030131
301 1030131 1032161
302 1032161 1034025
303 1034025 1036681
304 1036681 1039879
305 1039879 1049428
306 1049428 1052901
307 1052901 1061290
308 1061290 1063438
309 1063438 1065175
310 1065175 1066251
311 1066251 1067740
312 1067740 1068806
313 1068806 1070185
314 1070185 1075556
315 1075556 1080559
316 1080559 1082721
317 1082721 1084470
318 1084470 1088497
319 1088497 1090827
320 1090827 1093094
321 1093094 1100775
322 1100775 1102101
323 1102101 1103586
324 1103586 1107876
325 1107876 1109150
326 1109150 1110392
327 1110392 1111811
328 1111811 1113507
329 1113507 1118701
330 1118701 1121234
331 1121234 1122617
332 1122617 1125809
333 1125809 1136750
334 1136750 1140589
335 1140589 1150175
336 1150175 1153970
337 1153970 1155546
338 1155546 1157669
339 1157669 1164711
340 1164711 1166585
341 1166585 1173957
342 1173957 1177353
343 1177353 1179282
344 1179282 1192179
345 1192179 1197440
346 1197440 1202126
347 1202126 1203511
348 1203511 1205994
349 1205994 1208324
350 1208324 1210486
351 1210486 1214101
352 1214101 1215490
353 1215490 1226544
354 1226544 1227722
355 1227722 1228402
356 1228402 1233170
357 1233170 1235219
358 1235219 1236522
359 1236522 1237432
360 1237432 1244853
361 1244853 1247977
362 1247977 1249880
363 1249880 1252766
364 1252766 1253745
365 1253745 1255074
366 1255074 1256438
367 1256438 1256974
368 1256974 1260954
369 1260954 1265583
370 1265583 1270549
371 1270549 1273802
372 1273802 1276021
373 1276021 1276889
374 1276889 1277683
375 1277683 1278936
376 1278936 1284629
377 1284629 1286228
378 1286228 1287004
379 1287004 1288697
380 1288697 1301684
381 1301684 1302246
382 1302246 1304096
383 1304096 1306576
384 1306576 1308907
385 1308907 1311603
386 1311603 1313261
387 1313261 1313891
388 1313891 1316060
389 1316060 1318265
390 1318265 1320474
391 1320474 1322806
392 1322806 1324950
393 1324950 1325440
394 1325440 1327877
395 1327877 1329119
396 1329119 1332229
397 1332229 1333797
398 1333797 1334512
399 1334512 1335565
400 1335565 1337187
401 1337187 1337406
402 1337406 1340225
403 1340225 1341171
404 1341171 1342294
405 1342294 1357870
406 1357870 1364301
407 1364301 1378263
408 1378263 1378998
409 1378998 1381766
410 1381766 1383816
411 1383816 1386423
412 1386423 1389206
413 1389206 1390982
414 1390982 1411044
415 1411044 1420081
416 1420081 1423651
417 1423651 1427203
418 1427203 1430596
419 1430596 1432697
420 1432697 1436057
421 1436057 1436485
422 1436485 1439030
423 1439030 1441937
424 1441937 1455865
425 1455865 1457670
426 1457670 1461776
427 1461776 1464534
428 1464534 1467501
429 1467501 1468428
430 1468428 1469114
431 1469114 1489262
432 1489262 1493106
433 1493106 1493334
434 1493334 1521968
435 1521968 1526180
436 1526180 1533579
437 1533579 1542908
438 1542908 1573218
439 1573218 1592899
440 1592899 1593847
441 1593847 1594461
442 1594461 1596783
443 1596783 1598395
444 1598395 1603358
445 1603358 1606671
446 1606671 1610717
447 1610717 1613215
448 1613215 1617804
449 1617804 1618946
450 1618946 1620947
451 1620947 1621614
452 1621614 1622033
453 1622033 1631950
454 1631950 1634248
455 1634248 1635099
456 1635099 1665549
457 1665549 1669089
458 1669089 1670018
459 1670018 1672601
460 1672601 1675722
461 1675722 1676050
462 1676050 1683262
463 1683262 1702291
464 1702291 1707991
465 1707991 1709291
466 1709291 1711468
467 1711468 1713813
468 1713813 1716419
469 1716419 1718967
470 1718967 1720209
471 1720209 1729206
472 1729206 1732851
473 1732851 1734994
474 1734994 1737350
475 1737350 1759443
476 1759443 1760293
477 1760293 1760686
478 1760686 1761835
479 1761835 1765677
480 1765677 1766810
481 1766810 1770346
482 1770346 1773594
483 1773594 1775169
484 1775169 1776513
485 1776513 1778527
486 1778527 1780682
487 1780682 1781963
488 1781963 1783274
489 1783274 1787167
490 1787167 1787717
491 1787717 1794185
492 1794185 1796757
493 1796757 1800427
494 1800427 1801245
495 1801245 1802514
496 1802514 1804929
497 1804929 1805616
498 1805616 1806402
499 1806402 1811417
500 1811417 1815178
501 1815178 1816834
502 1816834 1819540
503 1819540 1822227
504 1822227 1822746
505 1822746 1826901
506 1826901 1832978
507 1832978 1834721
508 1834721 1838319
509 1838319 1840779
510 1840779 1846807
511 1846807 1852592
512 1852592 1860363
513 1860363 1865307
514 1865307 1866219
515 1866219 1867497
516 1867497 1869535
517 1869535 1873605
518 1873605 1877104
519 1877104 1877715
520 1877715 1881779
521 1881779 1884694
522 1884694 1887552
523 1887552 1891062
524 1891062 1896679
525 1896679 1901331
526 1901331 1906430
527 1906430 1909142
528 1909142 1918315
529 1918315 1927726
530 1927726 1933279
531 1933279 1935307
532 1935307 1942667
533 1942667 1944666
534 1944666 1948159
535 1948159 1951898
536 1951898 1954511
537 1954511 1962882
538 1962882 1964195
539 1964195 1966084
540 1966084 1969177
541 1969177 1973742
542 1973742 1975772
543 1975772 1976978
544 1976978 1978204
545 1978204 1983498
546 1983498 1986286
547 1986286 1990307
548 1990307 1991450
549 1991450 1993479
550 1993479 1995630
551 1995630 1996974
552 1996974 1999873
553 1999873 2001464
554 2001464 2008790
555 2008790 2014093
556 2014093 2014837
557 2014837 2015376
558 2015376 2016244
559 2016244 2016923
560 2016923 2017463
561 2017463 2018041
562 2018041 2019389
563 2019389 2022920
564 2022920 2026666
565 2026666 2027185
566 2027185 2029277
567 2029277 2030622
568 2030622 2034025
569 2034025 2040282
570 2040282 2043557
571 2043557 2048888
572 2048888 2051905
573 2051905 2055723
574 2055723 2059020
575 2059020 2062066
576 2062066 2064174
577 2064174 2066116
578 2066116 2069321
579 2069321 2073105
580 2073105 2073323
581 2073323 2075272
582 2075272 2077451
583 2077451 2081267
584 2081267 2085074
585 2085074 2088703
586 2088703 2099862
587 2099862 2109944
588 2109944 2112002
589 2112002 2115833
590 2115833 2119288
591 2119288 2123513
592 2123513 2125037
593 2125037 2126502
594 2126502 2128862
595 2128862 2130819
596 2130819 2133928
597 2133928 2136696
598 2136696 2138622
599 2138622 2141017
600 2141017 2142501
601 2142501 2145770
602 2145770 2146978
603 2146978 2148762
604 2148762 2153323
605 2153323 2154410
606 2154410 2158638
607 2158638 2160469
608 2160469 2162622
609 2162622 2162839
610 2162839 2167802
611 2167802 2170439
612 2170439 2173046
613 2173046 2173413
614 2173413 2174946
615 2174946 2176452
616 2176452 2178647
617 2178647 2180146
618 2180146 2181233
619 2181233 2183906
620 2183906 2184927
621 2184927 2185262
622 2185262 2189845
623 2189845 2191135
624 2191135 2192034
625 2192034 2195958
626 2195958 2197304
627 2197304 2200438
628 2200438 2203067
629 2203067 2203609
630 2203609 2204904
631 2204904 2206148
632 2206148 2208652
633 2208652 2209855
634 2209855 2218010
635 2218010 2218606
636 2218606 2219947
637 2219947 2227368
638 2227368 2231242
639 2231242 2234963
640 2234963 2238436
641 2238436 2245451
642 2245451 2250379
643 2250379 2252045
644 2252045 2253645
645 2253645 2255688
646 2255688 2257036
647 2257036 2257548
648 2257548 2258909
649 2258909 2261212
650 2261212 2265710
651 2265710 2267254
652 2267254 2278818
653 2278818 2280877
654 2280877 2281699
655 2281699 2282623
656 2282623 2283688
657 2283688 2285518
658 2285518 2286239
659 2286239 2297816
660 2297816 2299604
661 2299604 2302574
662 2302574 2306325
663 2306325 2307280
664 2307280 2309495
665 2309495 2310729
666 2310729 2315497
667 2315497 2315813
668 2315813 2322874
669 2322874 2323922
670 2323922 2325709
671 2325709 2328281
672 2328281 2329771
673 2329771 2331022
674 2331022 2337707
675 2337707 2341252
676 2341252 2342264
677 2342264 2345804
678 2345804 2347462
679 2347462 2350463
680 2350463 2351788
681 2351788 2352302
682 2352302 2353083
683 2353083 2357925
684 2357925 2359164
685 2359164 2365616
686 2365616 2368313
687 2368313 2368762
688 2368762 2373010
689 2373010 2373536
690 2373536 2375028
691 2375028 2377159
692 2377159 2379960
693 2379960 2383141
694 2383141 2384522
695 2384522 2386061
696 2386061 2387202
697 2387202 2388658
698 2388658 2391013
699 2391013 2391609
700 2391609 2392915
701 2392915 2398443
702 2398443 2399694
703 2399694 2401661
704 2401661 2404336
705 2404336 2406767
706 2406767 2407994
707 2407994 2409144
708 2409144 2415975
709 2415975 2419155
710 2419155 2421762
711 2421762 2427017
712 2427017 2428945
713 2428945 2431528
714 2431528 2436316
715 2436316 2441057
716 2441057 2445557
717 2445557 2448658
718 2448658 2456366
719 2456366 2462192
720 2462192 2465734
721 2465734 2469091
722 2469091 2471470
723 2471470 2474978
724 2474978 2477166
725 2477166 2479219
726 2479219 2488421
727 2488421 2493844
728 2493844 2501383
729 2501383 2506838
730 2506838 2511711
731 2511711 2519992
732 2519992 2531958
733 2531958 2538304
734 2538304 2539751
735 2539751 2541623
736 2541623 2542613
737 2542613 2547927
738 2547927 2550894
739 2550894 2551579
740 2551579 2555784
741 2555784 2556614
742 2556614 2559777
743 2559777 2560525
744 2560525 2561460
745 2561460 2565703
746 2565703 2569388
747 2569388 2570678
748 2570678 2572500
749 2572500 2573663
750 2573663 2575314
751 2575314 2576207
752 2576207 2578720
753 2578720 2583119
754 2583119 2587816
755 2587816 2588941
756 2588941 2591198
757 2591198 2592169
758 2592169 2594156
759 2594156 2595064
760 2595064 2596272
761 2596272 2597770
762 2597770 2598339
763 2598339 2602319
764 2602319 2603782
765 2603782 2608608
766 2608608 2611105
767 2611105 2613186
768 2613186 2615689
769 2615689 2617943
770 2617943 2621442
771 2621442 2623129
772 2623129 2624266
773 2624266 2626887
774 2626887 2628927
775 2628927 2630837
776 2630837 2635142
777 2635142 2649753
778 2649753 2651890
779 2651890 2658490
780 2658490 2672233
781 2672233 2681307
782 2681307 2685025
783 2685025 2689644
784 2689644 2693296
785 2693296 2698980
786 2698980 2700683
787 2700683 2709791
788 2709791 2713790
789 2713790 2715694
790 2715694 2725470
791 2725470 2731969
792 2731969 2734434
793 2734434 2738975
794 2738975 2746538
795 2746538 2748636
796 2748636 2752353
797 2752353 2756678
798 2756678 2757776
799 2757776 2760002
800 2760002 2763767
801 2763767 2766200
802 2766200 2768258
803 2768258 2770786
804 2770786 2774240
805 2774240 2776720
806 2776720 2779255
807 2779255 2799539
808 2799539 2807954
809 2807954 2812342
810 2812342 2816834
811 2816834 2820995
812 2820995 2822546
813 2822546 2827049
814 2827049 2828430
815 2828430 2829629
816 2829629 2831126
817 2831126 2838571
818 2838571 2840768
819 2840768 2858812
820 2858812 2867709
821 2867709 2873403
822 2873403 2877445
823 2877445 2881024
824 2881024 2883095
825 2883095 2899486
826 2899486 2903964
827 2903964 2905135
828 2905135 2907080
829 2907080 2908451
830 2908451 2916645
831 2916645 2921835
832 2921835 2928697
833 2928697 2930644
834 2930644 2938867
835 2938867 2946447
836 2946447 2954971
837 2954971 2959967
838 2959967 2966730
839 2966730 2981840
840 2981840 2989400
841 2989400 2994500
842 2994500 2995888
843 2995888 2997477
844 2997477 2999648
845 2999648 3001013
846 3001013 3001849
847 3001849 3008239
848 3008239 3010390
849 3010390 3018706
850 3018706 3022948
851 3022948 3024843
852 3024843 3030099
853 3030099 3035587
854 3035587 3044722
855 3044722 3049433
856 3049433 3058977
857 3058977 3062768
858 3062768 3063860
859 3063860 3065304
860 3065304 3066681
861 3066681 3075779
862 3075779 3076094
863 3076094 3077841
864 3077841 3078628
865 3078628 3080102
866 3080102 3092674
867 3092674 3100726
868 3100726 3104823
869 3104823 3109842
870 3109842 3114324
871 3114324 3123283
872 3123283 3125519
873 3125519 3130902
874 3130902 3133846
875 3133846 3136975
876 3136975 3138675
877 3138675 3146785
878 3146785 3150493
879 3150493 3164683
880 3164683 3167984
881 3167984 3171879
882 3171879 3176210
883 3176210 3187821
884 3187821 3188769
885 3188769 3196791
886 3196791 3203075
887 3203075 3203875
888 3203875 3209575
889 3209575 3225293
890 3225293 3226227
891 3226227 3232310
892 3232310 3233005
893 3233005 3238284
894 3238284 3246364
895 3246364 3247823
896 3247823 3252204
897 3252204 3252923
898 3252923 3261854
899 3261854 3263232
900 3263232 3268234
901 3268234 3274781
902 3274781 3279505
903 3279505 3283747
904 3283747 3287357
905 3287357 3290414
906 3290414 3294522
907 3294522 3303174
908 3303174 3307217
909 3307217 3314756
910 3314756 3353331
911 3353331 3358778
912 3358778 3376657
913 3376657 3381955
914 3381955 3384731
915 3384731 3395279
916 3395279 3399069
917 3399069 3403804
918 3403804 3409219
919 3409219 3414052
920 3414052 3419305
921 3419305 3426038
922 3426038 3432530
923 3432530 3437216
924 3437216 3441373
925 3441373 3450333
926 3450333 3458745
927 3458745 3464235
928 3464235 3468514
929 3468514 3475965
930 3475965 3483877
931 3483877 3489532
932 3489532 3494897
933 3494897 3499369
934 3499369 3504336
935 3504336 3508661
936 3508661 3513038
937 3513038 3518391
938 3518391 3519655
939 3519655 3523671
940 3523671 3543550
941 3543550 3547266
942 3547266 3553606
943 3553606 3558291
944 3558291 3561112
945 3561112 3564600
946 3564600 3568521
947 3568521 3571996
948 3571996 3576280
949 3576280 3588203
950 3588203 3592454
951 3592454 3600680
952 3600680 3608550
953 3608550 3616560
954 3616560 3623877
955 3623877 3625513
956 3625513 3630772
957 3630772 3647228
958 3647228 3651843
959 3651843 3661299
960 3661299 3666615
961 3666615 3670819
962 3670819 3675612
963 3675612 3679650
964 3679650 3690166
965 3690166 3695728
966 3695728 3699848
967 3699848 3703018
968 3703018 3706771
969 3706771 3710699
970 3710699 3714019
971 3714019 3717444
972 3717444 3735882
973 3735882 3740697
974 3740697 3746068
975 3746068 3749474
976 3749474 3760956
977 3760956 3768840
978 3768840 3788386
979 3788386 3793848
980 3793848 3795085
981 3795085 3797219
982 3797219 3800097
983 3800097 3803770
984 3803770 3823131
985 3823131 3842915
986 3842915 3847274
987 3847274 3851579
988 3851579 3855108
989 3855108 3867680
990 3867680 3874472
991 3874472 3900266
992 3900266 3911501
993 3911501 3918603
994 3918603 3920161
995 3920161 3926116
996 3926116 3932475
997 3932475 3956073
998 3956073 3957647
999 3957647 3960464
1000 3960464 3963150
1001 3963150 3965904
1002 3965904 3967830
1003 3967830 3970275
1004 3970275 3977446
1005 3977446 3979009
1006 3979009 3980163
1007 3980163 3981317
1008 3981317 3982463
1009 3982463 3983617
1010 3983617 3984771
1011 3984771 3985925
1012 3985925 3987079
1013 3987079 3988233
1014 3988233 3989387
1015 3989387 3990184
1016 3990184 3991313
1017 3991313 3999402
1018 3999402 4004957
1019 4004957 4006286
1020 4006286 4008299
1021 4008299 4013063
1022 4013063 4019857
1023 4019857 4028052
1024 4028052 4031977
1025 4031977 4037476
1026 4037476 4038729
1027 4038729 4047594
1028 4047594 4053619
1029 4053619 4055688
1030 4055688 4060152
1031 4060152 4062103
1032 4062103 4071416
1033 4071416 4073825
1034 4073825 4075102
1035 4075102 4078032
1036 4078032 4080196
1037 4080196 4083217
1038 4083217 4084164
1039 4084164 4087941
1040 4087941 4090544
1041 4090544 4092065
1042 4092065 4095481
1043 4095481 4097144
1044 4097144 4103525
1045 4103525 4106000
1046 4106000 4108162
1047 4108162 4113243
1048 4113243 4121820
1049 4121820 4127019
1050 4127019 4128116
1051 4128116 4129425
1052 4129425 4130897
1053 4130897 4133372
1054 4133372 4135743
1055 4135743 4137572
1056 4137572 4141084
1057 4141084 4143513
1058 4143513 4147449
1059 4147449 4151213
1060 4151213 4151659
1061 4151659 4165055
1062 4165055 4174668
1063 4174668 4177139
1064 4177139 4179232
1065 4179232 4181673
1066 4181673 4184338
1067 4184338 4190730
1068 4190730 4198737
1069 4198737 4203976
1070 4203976 4209933
1071 4209933 4214502
1072 4214502 4217007
1073 4217007 4219500
1074 4219500 4226924
1075 4226924 4235445
1076 4235445 4240860
1077 4240860 4241513
1078 4241513 4244317
1079 4244317 4247572
1080 4247572 4248716
1081 4248716 4250503
1082 4250503 4252433
1083 4252433 4253079
1084 4253079 4253566
1085 4253566 4254176
1086 4254176 4256758
1087 4256758 4259282
1088 4259282 4261209
1089 4261209 4266988
1090 4266988 4269030
1091 4269030 4272860
1092 4272860 4281003
1093 4281003 4285200
1094 4285200 4287593
1095 4287593 4289176
1096 4289176 4292194
1097 4292194 4293979
1098 4293979 4302295
1099 4302295 4304000
1100 4304000 4309322
1101 4309322 4310638
1102 4310638 4325246
1103 4325246 4326354
1104 4326354 4327683
1105 4327683 4332930
1106 4332930 4335444
1107 4335444 4338545
1108 4338545 4345431
1109 4345431 4351649
1110 4351649 4360865
1111 4360865 4372574
1112 4372574 4374659
1113 4374659 4381173
1114 4381173 4387002
1115 4387002 4397044
1116 4397044 4404764
1117 4404764 4404965
1118 4404965 4405202
1119 4405202 4405464
1120 4405464 4405653
1121 4405653 4405876
1122 4405876 4406077
1123 4406077 4406323
1124 4406323 4412313
1125 4412313 4413548
1126 4413548 4418495
1127 4418495 4428489
1128 4428489 4434005
1129 4434005 4437054
1130 4437054 4439056
1131 4439056 4441022
1132 4441022 4443351
1133 4443351 4445183
1134 4445183 4446609
1135 4446609 4448115
1136 4448115 4449686
1137 4449686 4451331
1138 4451331 4454798
1139 4454798 4457355
1140 4457355 4472640
1141 4472640 4475953
1142 4475953 4483933
1143 4483933 4487619
1144 4487619 4491055
1145 4491055 4497217
1146 4497217 4499779
1147 4499779 4503475
1148 4503475 4506242
1149 4506242 4515615
1150 4515615 4517005
1151 4517005 4517192
1152 4517192 4519130
1153 4519130 4524113
1154 4524113 4525521
1155 4525521 4527225
1156 4527225 4529067
1157 4529067 4531949
1158 4531949 4540124
1159 4540124 4547650
1160 4547650 4551147
1161 4551147 4560904
1162 4560904 4562555
1163 4562555 4563513
1164 4563513 4565174
1165 4565174 4569313
1166 4569313 4573081
1167 4573081 4574112
1168 4574112 4589211
1169 4589211 4593350
1170 4593350 4599866
1171 4599866 4603359
1172 4603359 4606863
1173 4606863 4608085
1174 4608085 4612884
1175 4612884 4613652
1176 4613652 4614157
1177 4614157 4621954
1178 4621954 4624819
1179 4624819 4628454
1180 4628454 4631195
1181 4631195 4632414
1182 4632414 4633413
1183 4633413 4635564
1184 4635564 4635810
1185 4635810 4636011
1186 4636011 4636267
1187 4636267 4648136
1188 4648136 4653499
1189 4653499 4659405
1190 4659405 4661177
1191 4661177 4662233
1192 4662233 4684910
1193 4684910 4686423
1194 4686423 4693050
1195 4693050 4699470
1196 4699470 4709054
1197 4709054 4710690
1198 4710690 4714472
1199 4714472 4716578
1200 4716578 4717249
1201 4717249 4717911
1202 4717911 4718596
1203 4718596 4719262
1204 4719262 4719967
1205 4719967 4720650
1206 4720650 4721344
1207 4721344 4721984
1208 4721984 4722619
1209 4722619 4723277
1210 4723277 4723920
1211 4723920 4724641
1212 4724641 4725330
1213 4725330 4725997
1214 4725997 4726632
1215 4726632 4727310
1216 4727310 4727941
1217 4727941 4728604
1218 4728604 4729252
1219 4729252 4729888
1220 4729888 4730544
1221 4730544 4731193
1222 4731193 4731852
1223 4731852 4732505
1224 4732505 4733176
1225 4733176 4733881
1226 4733881 4734536
1227 4734536 4735224
1228 4735224 4735892
1229 4735892 4736556
1230 4736556 4737239
1231 4737239 4737904
1232 4737904 4738575
1233 4738575 4739278
1234 4739278 4739936
1235 4739936 4740627
1236 4740627 4741327
1237 4741327 4742004
1238 4742004 4742705
1239 4742705 4743367
1240 4743367 4744045
1241 4744045 4744755
1242 4744755 4745445
1243 4745445 4746111
1244 4746111 4746752
1245 4746752 4747426
1246 4747426 4748080
1247 4748080 4748744
1248 4748744 4749385
1249 4749385 4750053
1250 4750053 4750709
1251 4750709 4751363
1252 4751363 4752019
1253 4752019 4752669
1254 4752669 4753331
1255 4753331 4754035
1256 4754035 4754695
1257 4754695 4755385
1258 4755385 4756055
1259 4756055 4756690
1260 4756690 4757363
1261 4757363 4758029
1262 4758029 4758715
1263 4758715 4759383
1264 4759383 4760088
1265 4760088 4760728
1266 4760728 4761387
1267 4761387 4762078
1268 4762078 4762744
1269 4762744 4763417
1270 4763417 4764082
1271 4764082 4764750
1272 4764750 4765436
1273 4765436 4766141
1274 4766141 4766800
1275 4766800 4767489
1276 4767489 4768143
1277 4768143 4768860
1278 4768860 4769531
1279 4769531 4770177
1280 4770177 4770852
1281 4770852 4771510
1282 4771510 4772179
1283 4772179 4772836
1284 4772836 4773480
1285 4773480 4774137
1286 4774137 4774789
1287 4774789 4775458
1288 4775458 4776111
1289 4776111 4776818
1290 4776818 4777498
1291 4777498 4778159
1292 4778159 4778849
1293 4778849 4779507
1294 4779507 4780168
1295 4780168 4780834
1296 4780834 4781500
1297 4781500 4782164
1298 4782164 4782850
1299 4782850 4783517
1300 4783517 4784221
1301 4784221 4784881
1302 4784881 4785572
1303 4785572 4786271
1304 4786271 4786937
1305 4786937 4787579
1306 4787579 4788247
1307 4788247 4788913
1308 4788913 4789598
1309 4789598 4790271
1310 4790271 4790976
1311 4790976 4791636
1312 4791636 4792300
1313 4792300 4792958
1314 4792958 4793673
1315 4793673 4794363
1316 4794363 4795020
1317 4795020 4795689
1318 4795689 4796358
1319 4796358 4797002
1320 4797002 4797663
1321 4797663 4798319
1322 4798319 4798979
1323 4798979 4799627
1324 4799627 4800290
1325 4800290 4800947
1326 4800947 4801608
1327 4801608 4802267
1328 4802267 4802943
1329 4802943 4803648
1330 4803648 4804278
1331 4804278 4804966
1332 4804966 4805626
1333 4805626 4806316
1334 4806316 4806982
1335 4806982 4807683
1336 4807683 4808370
1337 4808370 4809040
1338 4809040 4809705
1339 4809705 4810407
1340 4810407 4811067
1341 4811067 4811783
1342 4811783 4812423
1343 4812423 4813072
1344 4813072 4813760
1345 4813760 4814429
1346 4814429 4815097
1347 4815097 4815773
1348 4815773 4816478
1349 4816478 4817145
1350 4817145 4817830
1351 4817830 4818527
1352 4818527 4819191
1353 4819191 4819865
1354 4819865 4820526
1355 4820526 4821238
1356 4821238 4821954
1357 4821954 4822618
1358 4822618 4823308
1359 4823308 4823969
1360 4823969 4824619
1361 4824619 4825273
1362 4825273 4825931
1363 4825931 4826586
1364 4826586 4827273
1365 4827273 4827940
1366 4827940 4828584
1367 4828584 4829230
1368 4829230 4829876
1369 4829876 4830534
1370 4830534 4831191
1371 4831191 4831877
1372 4831877 4832553
1373 4832553 4833250
1374 4833250 4833909
1375 4833909 4834609
1376 4834609 4835298
1377 4835298 4835961
1378 4835961 4836649
1379 4836649 4837329
1380 4837329 4838021
1381 4838021 4838697
1382 4838697 4839372
1383 4839372 4840072
1384 4840072 4840728
1385 4840728 4840930
1386 4840930 4841115
1387 4841115 4841804
1388 4841804 4842476
1389 4842476 4843176
1390 4843176 4843884
1391 4843884 4844545
1392 4844545 4845211
1393 4845211 4845900
1394 4845900 4846553
1395 4846553 4847212
1396 4847212 4847866
1397 4847866 4848519
1398 4848519 4849214
1399 4849214 4849866
1400 4849866 4850532
1401 4850532 4851184
1402 4851184 4851819
1403 4851819 4852473
1404 4852473 4853131
1405 4853131 4853774
1406 4853774 4854430
1407 4854430 4855083
1408 4855083 4855754
1409 4855754 4856405
1410 4856405 4857065
1411 4857065 4857761
1412 4857761 4858462
1413 4858462 4859178
1414 4859178 4859868
1415 4859868 4860524
1416 4860524 4861190
1417 4861190 4861877
1418 4861877 4862527
1419 4862527 4863216
1420 4863216 4863862
1421 4863862 4864524
1422 4864524 4865198
1423 4865198 4865857
1424 4865857 4866529
1425 4866529 4867225
1426 4867225 4867881
1427 4867881 4868530
1428 4868530 4869219
1429 4869219 4869878
1430 4869878 4870552
1431 4870552 4871203
1432 4871203 4871899
1433 4871899 4872559
1434 4872559 4873236
1435 4873236 4873898
1436 4873898 4874570
1437 4874570 4875280
1438 4875280 4875985
1439 4875985 4876701
1440 4876701 4877359
1441 4877359 4878089
1442 4878089 4878776
1443 4878776 4879432
1444 4879432 4880093
1445 4880093 4880743
1446 4880743 4881424
1447 4881424 4882064
1448 4882064 4882710
1449 4882710 4883379
1450 4883379 4884028
1451 4884028 4884695
1452 4884695 4885349
1453 4885349 4886030
1454 4886030 4886675
1455 4886675 4887370
1456 4887370 4888049
1457 4888049 4888707
1458 4888707 4889395
1459 4889395 4890049
1460 4890049 4890709
1461 4890709 4891404
1462 4891404 4892086
1463 4892086 4892746
1464 4892746 4893407
1465 4893407 4894080
1466 4894080 4894737
1467 4894737 4895425
1468 4895425 4896117
1469 4896117 4896771
1470 4896771 4897417
1471 4897417 4898115
1472 4898115 4898780
1473 4898780 4899438
1474 4899438 4900121
1475 4900121 4900794
1476 4900794 4901445
1477 4901445 4902134
1478 4902134 4902862
1479 4902862 4903550
1480 4903550 4904210
1481 4904210 4904917
1482 4904917 4905623
1483 4905623 4906322
1484 4906322 4907037
1485 4907037 4907755
1486 4907755 4908447
1487 4908447 4909134
1488 4909134 4909822
1489 4909822 4910527
1490 4910527 4911217
1491 4911217 4911892
1492 4911892 4912590
1493 4912590 4913230
1494 4913230 4913881
1495 4913881 4914569
1496 4914569 4915230
1497 4915230 4915928
1498 4915928 4916589
1499 4916589 4917272
1500 4917272 4917934
1501 4917934 4918604
1502 4918604 4919253
1503 4919253 4919943
1504 4919943 4920618
1505 4920618 4921253
1506 4921253 4921952
1507 4921952 4922617
1508 4922617 4923281
1509 4923281 4923969
1510 4923969 4924639
1511 4924639 4925340
1512 4925340 4925992
1513 4925992 4926729
1514 4926729 4927465
1515 4927465 4928192
1516 4928192 4928880
1517 4928880 4929552
1518 4929552 4930191
1519 4930191 4930839
1520 4930839 4931491
1521 4931491 4932150
1522 4932150 4932783
1523 4932783 4933462
1524 4933462 4934089
1525 4934089 4934726
1526 4934726 4935387
1527 4935387 4936027
1528 4936027 4936703
1529 4936703 4937403
1530 4937403 4938054
1531 4938054 4938742
1532 4938742 4938954
1533 4938954 4939628
1534 4939628 4940320
1535 4940320 4941018
1536 4941018 4941699
1537 4941699 4942363
1538 4942363 4943051
1539 4943051 4943716
1540 4943716 4944391
1541 4944391 4945042
1542 4945042 4945721
1543 4945721 4946411
1544 4946411 4947110
1545 4947110 4947761
1546 4947761 4948447
1547 4948447 4949135
1548 4949135 4949788
1549 4949788 4950506
1550 4950506 4951190
1551 4951190 4951830
1552 4951830 4952495
1553 4952495 4953149
1554 4953149 4953801
1555 4953801 4954450
1556 4954450 4955077
1557 4955077 4955727
1558 4955727 4956371
1559 4956371 4957021
1560 4957021 4957674
1561 4957674 4958322
1562 4958322 4958981
1563 4958981 4959678
1564 4959678 4960339
1565 4960339 4961025
1566 4961025 4961666
1567 4961666 4962335
1568 4962335 4962990
1569 4962990 4963709
1570 4963709 4964406
1571 4964406 4965096
1572 4965096 4965792
1573 4965792 4966453
1574 4966453 4967116
1575 4967116 4967771
1576 4967771 4968449
1577 4968449 4969098
1578 4969098 4969761
1579 4969761 4970422
1580 4970422 4971111
1581 4971111 4971769
1582 4971769 4972450
1583 4972450 4973149
1584 4973149 4973845
1585 4973845 4974519
1586 4974519 4975185
1587 4975185 4975861
1588 4975861 4976522
1589 4976522 4977211
1590 4977211 4977874
1591 4977874 4978545
1592 4978545 4979201
1593 4979201 4979849
1594 4979849 4980492
1595 4980492 4981144
1596 4981144 4981780
1597 4981780 4982432
1598 4982432 4983101
1599 4983101 4983753
1600 4983753 4984401
1601 4984401 4985098
1602 4985098 4985778
1603 4985778 4986438
1604 4986438 4987134
1605 4987134 4987822
1606 4987822 4988484
1607 4988484 4989182
1608 4989182 4989847
1609 4989847 4990513
1610 4990513 4991206
1611 4991206 4991885
1612 4991885 4992545
1613 4992545 4993233
1614 4993233 4993918
1615 4993918 4994579
1616 4994579 4995303
1617 4995303 4995978
1618 4995978 4996665
1619 4996665 4997307
1620 4997307 4997954
1621 4997954 4998593
1622 4998593 4999292
1623 4999292 4999985
1624 4999985 5000653
1625 5000653 5001321
1626 5001321 5001999
1627 5001999 5002659
1628 5002659 5003348
1629 5003348 5004014
1630 5004014 5004663
1631 5004663 5005318
1632 5005318 5005968
1633 5005968 5006610
1634 5006610 5007266
1635 5007266 5007911
1636 5007911 5008576
1637 5008576 5009206
1638 5009206 5009849
1639 5009849 5010507
1640 5010507 5011161
1641 5011161 5011860
1642 5011860 5012540
1643 5012540 5013224
1644 5013224 5013877
1645 5013877 5014544
1646 5014544 5015233
1647 5015233 5015879
1648 5015879 5016539
1649 5016539 5017200
1650 5017200 5017839
1651 5017839 5018482
1652 5018482 5019181
1653 5019181 5019843
1654 5019843 5020536
1655 5020536 5021196
1656 5021196 5021871
1657 5021871 5022524
1658 5022524 5023157
1659 5023157 5023846
1660 5023846 5024506
1661 5024506 5025205
1662 5025205 5025894
1663 5025894 5026555
1664 5026555 5027247
1665 5027247 5027908
1666 5027908 5028577
1667 5028577 5029230
1668 5029230 5029919
1669 5029919 5030560
1670 5030560 5031209
1671 5031209 5031877
1672 5031877 5032548
1673 5032548 5033192
1674 5033192 5033834
1675 5033834 5034527
1676 5034527 5035197
1677 5035197 5035840
1678 5035840 5036481
1679 5036481 5037180
1680 5037180 5037813
1681 5037813 5038488
1682 5038488 5039200
1683 5039200 5039871
1684 5039871 5040510
1685 5040510 5041156
1686 5041156 5041797
1687 5041797 5042448
1688 5042448 5043077
1689 5043077 5043730
1690 5043730 5044366
1691 5044366 5045001
1692 5045001 5045663
1693 5045663 5046307
1694 5046307 5046995
1695 5046995 5047655
1696 5047655 5048353
1697 5048353 5048980
1698 5048980 5049650
1699 5049650 5050306
1700 5050306 5051073
1701 5051073 5054308
1702 5054308 5055080
1703 5055080 5061302
1704 5061302 5067666
1705 5067666 5073408
1706 5073408 5084161
1707 5084161 5087959
1708 5087959 5089548
1709 5089548 5091702
1710 5091702 5101291
1711 5101291 5105608
1712 5105608 5111998
1713 5111998 5115051
1714 5115051 5121154
1715 5121154 5127238
1716 5127238 5128936
1717 5128936 5135413
1718 5135413 5138693
1719 5138693 5145408
1720 5145408 5154447
1721 5154447 5155877
1722 5155877 5158792
1723 5158792 5160572
1724 5160572 5163928
1725 5163928 5169950
1726 5169950 5176752
1727 5176752 5183060
1728 5183060 5189490
1729 5189490 5199195
1730 5199195 5208941
1731 5208941 5210127
1732 5210127 5210846
1733 5210846 5211998
1734 5211998 5215800
1735 5215800 5216474
1736 5216474 5222006
1737 5222006 5223403
1738 5223403 5226189
1739 5226189 5228512
1740 5228512 5234045
1741 5234045 5246268
1742 5246268 5248870
1743 5248870 5274961
1744 5274961 5278677
1745 5278677 5282718
1746 5282718 5295154
1747 5295154 5299561
1748 5299561 5303458
1749 5303458 5318115
1750 5318115 5330394
1751 5330394 5334075
1752 5334075 5335717
1753 5335717 5344825
1754 5344825 5346634
1755 5346634 5347352
1756 5347352 5350589
1757 5350589 5353451
1758 5353451 5359276
1759 5359276 5368900
1760 5368900 5372949
1761 5372949 5374089
1762 5374089 5375880
1763 5375880 5381386
1764 5381386 5385989
1765 5385989 5390538
1766 5390538 5394938
1767 5394938 5396802
1768 5396802 5401178
1769 5401178 5404859
1770 5404859 5411029
1771 5411029 5415226
1772 5415226 5416337
1773 5416337 5417077
1774 5417077 5425927
1775 5425927 5429887
1776 5429887 5436900
1777 5436900 5438418
1778 5438418 5440902
1779 5440902 5441995
1780 5441995 5443026
1781 5443026 5444048
1782 5444048 5449381
1783 5449381 5460386
1784 5460386 5461139
1785 5461139 5461811
1786 5461811 5465835
1787 5465835 5475931
1788 5475931 5477246
1789 5477246 5480362
1790 5480362 5481220
1791 5481220 5481909
1792 5481909 5482542
1793 5482542 5483536
1794 5483536 5484268
1795 5484268 5486027
1796 5486027 5498332
1797 5498332 5502665
1798 5502665 5513863
1799 5513863 5517480
1800 5517480 5519080
1801 5519080 5522168
1802 5522168 5523357
1803 5523357 5523951
1804 5523951 5525531
1805 5525531 5527182
1806 5527182 5528759
1807 5528759 5537590
1808 5537590 5545384
1809 5545384 5549830
1810 5549830 5552767
1811 5552767 5553387
1812 5553387 5561089
1813 5561089 5565149
1814 5565149 5577716
1815 5577716 5582657
1816 5582657 5585197
1817 5585197 5589113
1818 5589113 5605333
1819 5605333 5611659
1820 5611659 5614296
1821 5614296 5614612
1822 5614612 5616978
1823 5616978 5620851
1824 5620851 5623686
1825 5623686 5637264
1826 5637264 5645213
1827 5645213 5647139
1828 5647139 5649936
1829 5649936 5651884
1830 5651884 5653750
1831 5653750 5657238
1832 5657238 5659471
1833 5659471 5662546
1834 5662546 5664554
1835 5664554 5666400
1836 5666400 5668608
1837 5668608 5671562
1838 5671562 5674436
1839 5674436 5676383
1840 5676383 5678615
1841 5678615 5680822
1842 5680822 5682667
1843 5682667 5684674
1844 5684674 5687295
1845 5687295 5690633
1846 5690633 5692818
1847 5692818 5694746
1848 5694746 5696537
1849 5696537 5698640
1850 5698640 5703159
1851 5703159 5707074
1852 5707074 5710891
1853 5710891 5713915
1854 5713915 5716384
1855 5716384 5718968
1856 5718968 5721317
1857 5721317 5723707
1858 5723707 5728226
1859 5728226 5728557
1860 5728557 5734439
1861 5734439 5738354
1862 5738354 5742171
1863 5742171 5752142
1864 5752142 5754967
1865 5754967 5755944
1866 5755944 5760385
1867 5760385 5767574
1868 5767574 5767890
1869 5767890 5771106
1870 5771106 5773795
1871 5773795 5776191
1872 5776191 5778806
1873 5778806 5782392
1874 5782392 5786763
1875 5786763 5789391
1876 5789391 5794400
1877 5794400 5797167
1878 5797167 5805412
1879 5805412 5808182
1880 5808182 5814487
1881 5814487 5816951
1882 5816951 5818188
1883 5818188 5836046
1884 5836046 5845937
1885 5845937 5848915
1886 5848915 5852176
1887 5852176 5858081
1888 5858081 5861581
1889 5861581 5863540
1890 5863540 5866637
1891 5866637 5871149
1892 5871149 5875542
1893 5875542 5879279
1894 5879279 5882288
1895 5882288 5906881
1896 5906881 5918231
1897 5918231 5934573
1898 5934573 5965318
1899 5965318 5969121
1900 5969121 5972265
1901 5972265 5977442
1902 5977442 5983010
1903 5983010 5987712
1904 5987712 5993251
1905 5993251 5995132
1906 5995132 5999017
1907 5999017 6005100
1908 6005100 6007566
1909 6007566 6012004
1910 6012004 6012979
1911 6012979 6013771
1912 6013771 6017947
1913 6017947 6020620
1914 6020620 6023582
1915 6023582 6024838
1916 6024838 6026787
1917 6026787 6029109
1918 6029109 6031849
1919 6031849 6034157
1920 6034157 6035452
1921 6035452 6040155
1922 6040155 6044739
1923 6044739 6048320
1924 6048320 6051454
1925 6051454 6055562
1926 6055562 6060069
1927 6060069 6062846
1928 6062846 6066671
1929 6066671 6068983
1930 6068983 6070726
1931 6070726 6073027
1932 6073027 6093529
1933 6093529 6096843
1934 6096843 6100929
1935 6100929 6102850
1936 6102850 6111586
1937 6111586 6114266
1938 6114266 6119585
1939 6119585 6124936
1940 6124936 6128627
1941 6128627 6132799
1942 6132799 6138733
1943 6138733 6141764
1944 6141764 6147228
1945 6147228 6148968
1946 6148968 6151591
1947 6151591 6156625
1948 6156625 6161416
1949 6161416 6164730
1950 6164730 6170152
1951 6170152 6175645
1952 6175645 6179925
1953 6179925 6182465
1954 6182465 6186879
1955 6186879 6194281
1956 6194281 6194468
1957 6194468 6199201
1958 6199201 6199373
1959 6199373 6200277
1960 6200277 6201072
1961 6201072 6203308
1962 6203308 6205089
1963 6205089 6206028
1964 6206028 6207869
1965 6207869 6220008
1966 6220008 6224445
1967 6224445 6226328
1968 6226328 6233218
1969 6233218 6243201
1970 6243201 6244319
1971 6244319 6254266
1972 6254266 6257648
1973 6257648 6259052
1974 6259052 6262570
1975 6262570 6267938
1976 6267938 6272606
1977 6272606 6278149
1978 6278149 6281607
1979 6281607 6283344
1980 6283344 6284127
1981 6284127 6286708
1982 6286708 6290650
1983 6290650 6294180
1984 6294180 6299351
1985 6299351 6304609
1986 6304609 6305925
1987 6305925 6315300
1988 6315300 6318590
1989 6318590 6319186
1990 6319186 6320735
1991 6320735 6324056
1992 6324056 6325939
1993 6325939 6329217
1994 6329217 6334331
1995 6334331 6336464
1996 6336464 6342297
1997 6342297 6344600
1998 6344600 6348818
1999 6348818 6353737
2000 6353737 6353947
2001 6353947 6354119
2002 6354119 6354319
2003 6354319 6354491
2004 6354491 6355108
2005 6355108 6355759
2006 6355759 6356383
2007 6356383 6357052
2008 6357052 6357703
2009 6357703 6358330
2010 6358330 6358515
2011 6358515 6359112
2012 6359112 6359732
2013 6359732 6360415
2014 6360415 6360641
2015 6360641 6360813
2016 6360813 6361467
2017 6361467 6361633
2018 6361633 6362297
2019 6362297 6362931
2020 6362931 6363560
2021 6363560 6364192
2022 6364192 6364824
2023 6364824 6365456
2024 6365456 6366085
2025 6366085 6366708
2026 6366708 6367342
2027 6367342 6367980
2028 6367980 6368167
2029 6368167 6368817
2030 6368817 6369450
2031 6369450 6370070
2032 6370070 6370245
2033 6370245 6370871
2034 6370871 6371086
2035 6371086 6371765
2036 6371765 6371981
2037 6371981 6372603
2038 6372603 6372968
2039 6372968 6373155
2040 6373155 6373822
2041 6373822 6374474
2042 6374474 6375042
2043 6375042 6375677
2044 6375677 6376355
2045 6376355 6376986
2046 6376986 6377649
2047 6377649 6378297
2048 6378297 6378933
2049 6378933 6379589
2050 6379589 6380238
2051 6380238 6380897
2052 6380897 6381550
2053 6381550 6381762
2054 6381762 6382394
2055 6382394 6383024
2056 6383024 6383641
2057 6383641 6384292
2058 6384292 6384916
2059 6384916 6385588
2060 6385588 6386217
2061 6386217 6386842
2062 6386842 6387058
2063 6387058 6387608
2064 6387608 6388228
2065 6388228 6388434
2066 6388434 6389084
2067 6389084 6389719
2068 6389719 6390339
2069 6390339 6390560
2070 6390560 6391181
2071 6391181 6391355
2072 6391355 6392023
2073 6392023 6392643
2074 6392643 6392817
2075 6392817 6393009
2076 6393009 6393194
2077 6393194 6393406
2078 6393406 6394032
2079 6394032 6394686
2080 6394686 6395310
2081 6395310 6395977
2082 6395977 6396640
2083 6396640 6397270
2084 6397270 6397487
2085 6397487 6398037
2086 6398037 6398657
2087 6398657 6398860
2088 6398860 6399149
2089 6399149 6399455
2090 6399455 6399641
2091 6399641 6400291
2092 6400291 6400924
2093 6400924 6401136
2094 6401136 6401419
2095 6401419 6401724
2096 6401724 6402385
2097 6402385 6402559
2098 6402559 6402822
2099 6402822 6403442
2100 6403442 6403636
2101 6403636 6404264
2102 6404264 6404501
2103 6404501 6405156
2104 6405156 6405833
2105 6405833 6406462
2106 6406462 6407097
2107 6407097 6407727
2108 6407727 6408361
2109 6408361 6408544
2110 6408544 6409094
2111 6409094 6409748
2112 6409748 6409962
2113 6409962 6410158
2114 6410158 6410811
2115 6410811 6411443
2116 6411443 6412097
2117 6412097 6412303
2118 6412303 6412953
2119 6412953 6413141
2120 6413141 6413769
2121 6413769 6413961
2122 6413961 6414586
2123 6414586 6415240
2124 6415240 6415881
2125 6415881 6416555
2126 6416555 6417209
2127 6417209 6417873
2128 6417873 6418514
2129 6418514 6419182
2130 6419182 6419838
2131 6419838 6420492
2132 6420492 6421148
2133 6421148 6421798
2134 6421798 6422428
2135 6422428 6422628
2136 6422628 6423255
2137 6423255 6423871
2138 6423871 6424491
2139 6424491 6425114
2140 6425114 6425745
2141 6425745 6426384
2142 6426384 6427015
2143 6427015 6427669
2144 6427669 6427856
2145 6427856 6428452
2146 6428452 6429104
2147 6429104 6429298
2148 6429298 6429935
2149 6429935 6430554
2150 6430554 6431187
2151 6431187 6431841
2152 6431841 6432472
2153 6432472 6433105
2154 6433105 6433735
2155 6433735 6433951
2156 6433951 6434581
2157 6434581 6435242
2158 6435242 6435414
2159 6435414 6436053
2160 6436053 6436707
2161 6436707 6437369
2162 6437369 6438031
2163 6438031 6438204
2164 6438204 6438824
2165 6438824 6439035
2166 6439035 6439220
2167 6439220 6439411
2168 6439411 6439596
2169 6439596 6440209
2170 6440209 6440833
2171 6440833 6441464
2172 6441464 6442103
2173 6442103 6442735
2174 6442735 6443370
2175 6443370 6443556
2176 6443556 6444152
2177 6444152 6444806
2178 6444806 6444979
2179 6444979 6445602
2180 6445602 6445790
2181 6445790 6446424
2182 6446424 6447044
2183 6447044 6447698
2184 6447698 6447914
2185 6447914 6448541
2186 6448541 6448725
2187 6448725 6449362
2188 6449362 6450016
2189 6450016 6450227
2190 6450227 6450412
2191 6450412 6450578
2192 6450578 6450763
2193 6450763 6451377
2194 6451377 6452001
2195 6452001 6452633
2196 6452633 6453274
2197 6453274 6453907
2198 6453907 6454537
2199 6454537 6454723
2200 6454723 6455321
2201 6455321 6455973
2202 6455973 6456182
2203 6456182 6456818
2204 6456818 6457436
2205 6457436 6458090
2206 6458090 6458368
2207 6458368 6458996
2208 6458996 6459169
2209 6459169 6459806
2210 6459806 6460019
2211 6460019 6460721
2212 6460721 6460887
2213 6460887 6461526
2214 6461526 6462179
2215 6462179 6462367
2216 6462367 6462573
2217 6462573 6462761
2218 6462761 6462961
2219 6462961 6463149
2220 6463149 6463331
2221 6463331 6463519
2222 6463519 6463704
2223 6463704 6463904
2224 6463904 6464098
2225 6464098 6464713
2226 6464713 6464898
2227 6464898 6465493
2228 6465493 6465708
2229 6465708 6466339
2230 6466339 6466970
2231 6466970 6467587
2232 6467587 6468212
2233 6468212 6468844
2234 6468844 6469483
2235 6469483 6470115
2236 6470115 6470743
2237 6470743 6470926
2238 6470926 6471561
2239 6471561 6472181
2240 6472181 6472834
2241 6472834 6473487
2242 6473487 6473702
2243 6473702 6474327
2244 6474327 6474952
2245 6474952 6475145
2246 6475145 6475332
2247 6475332 6475499
2248 6475499 6476140
2249 6476140 6476793
2250 6476793 6476987
2251 6476987 6477153
2252 6477153 6477338
2253 6477338 6477548
2254 6477548 6478163
2255 6478163 6478791
2256 6478791 6479423
2257 6479423 6480064
2258 6480064 6480696
2259 6480696 6481325
2260 6481325 6481504
2261 6481504 6482099
2262 6482099 6482752
2263 6482752 6482951
2264 6482951 6483586
2265 6483586 6484202
2266 6484202 6484855
2267 6484855 6485080
2268 6485080 6485704
2269 6485704 6485910
2270 6485910 6486543
2271 6486543 6486716
2272 6486716 6487357
2273 6487357 6488010
2274 6488010 6488181
2275 6488181 6488804
2276 6488804 6488996
2277 6488996 6489174
2278 6489174 6489334
2279 6489334 6489544
2280 6489544 6490159
2281 6490159 6490785
2282 6490785 6491417
2283 6491417 6492060
2284 6492060 6492693
2285 6492693 6493323
2286 6493323 6493976
2287 6493976 6494161
2288 6494161 6494756
2289 6494756 6495443
2290 6495443 6495668
2291 6495668 6495873
2292 6495873 6496507
2293 6496507 6497127
2294 6497127 6497323
2295 6497323 6497510
2296 6497510 6498163
2297 6498163 6498346
2298 6498346 6499022
2299 6499022 6499235
2300 6499235 6499903
2301 6499903 6500136
2302 6500136 6500761
2303 6500761 6500948
2304 6500948 6501155
2305 6501155 6501796
2306 6501796 6502448
2307 6502448 6503117
2308 6503117 6503761
2309 6503761 6504422
2310 6504422 6505078
2311 6505078 6505738
2312 6505738 6506386
2313 6506386 6507049
2314 6507049 6507706
2315 6507706 6508367
2316 6508367 6509026
2317 6509026 6509661
2318 6509661 6509873
2319 6509873 6510504
2320 6510504 6511132
2321 6511132 6511749
2322 6511749 6512375
2323 6512375 6513002
2324 6513002 6513644
2325 6513644 6514276
2326 6514276 6514937
2327 6514937 6515110
2328 6515110 6515705
2329 6515705 6515895
2330 6515895 6516516
2331 6516516 6517169
2332 6517169 6517357
2333 6517357 6517999
2334 6517999 6518192
2335 6518192 6518827
2336 6518827 6519446
2337 6519446 6520102
2338 6520102 6520755
2339 6520755 6520970
2340 6520970 6521592
2341 6521592 6521765
2342 6521765 6522406
2343 6522406 6523059
2344 6523059 6523293
2345 6523293 6523453
2346 6523453 6523677
2347 6523677 6523837
2348 6523837 6524450
2349 6524450 6525075
2350 6525075 6525707
2351 6525707 6526352
2352 6526352 6526986
2353 6526986 6527622
2354 6527622 6527807
2355 6527807 6528404
2356 6528404 6529057
2357 6529057 6529248
2358 6529248 6529447
2359 6529447 6530081
2360 6530081 6530699
2361 6530699 6531352
2362 6531352 6531604
2363 6531604 6531779
2364 6531779 6531957
2365 6531957 6532160
2366 6532160 6532781
2367 6532781 6532954
2368 6532954 6533594
2369 6533594 6534247
2370 6534247 6534467
2371 6534467 6534694
2372 6534694 6535305
2373 6535305 6535484
2374 6535484 6536080
2375 6536080 6536240
2376 6536240 6536427
2377 6536427 6536594
2378 6536594 6536791
2379 6536791 6537426
2380 6537426 6538060
2381 6538060 6538693
2382 6538693 6538903
2383 6538903 6539518
2384 6539518 6540145
2385 6540145 6540777
2386 6540777 6541419
2387 6541419 6542051
2388 6542051 6542712
2389 6542712 6543366
2390 6543366 6543553
2391 6543553 6544188
2392 6544188 6544806
2393 6544806 6545460
2394 6545460 6545704
2395 6545704 6546388
2396 6546388 6546996
2397 6546996 6547192
2398 6547192 6547825
2399 6547825 6548062
2400 6548062 6548733
2401 6548733 6548948
2402 6548948 6549575
2403 6549575 6549748
2404 6549748 6550390
2405 6550390 6550572
2406 6550572 6551226
2407 6551226 6551410
2408 6551410 6552068
2409 6552068 6552723
2410 6552723 6553410
2411 6553410 6554077
2412 6554077 6554721
2413 6554721 6555367
2414 6555367 6556013
2415 6556013 6556671
2416 6556671 6557328
2417 6557328 6558014
2418 6558014 6558636
2419 6558636 6558848
2420 6558848 6559476
2421 6559476 6560108
2422 6560108 6560722
2423 6560722 6561348
2424 6561348 6561980
2425 6561980 6562622
2426 6562622 6563252
2427 6563252 6563938
2428 6563938 6564124
2429 6564124 6564721
2430 6564721 6565375
2431 6565375 6565562
2432 6565562 6566198
2433 6566198 6566815
2434 6566815 6567469
2435 6567469 6567705
2436 6567705 6567940
2437 6567940 6568570
2438 6568570 6568762
2439 6568762 6569400
2440 6569400 6570054
2441 6570054 6570704
2442 6570704 6570913
2443 6570913 6571125
2444 6571125 6571349
2445 6571349 6571567
2446 6571567 6571779
2447 6571779 6572392
2448 6572392 6573019
2449 6573019 6573646
2450 6573646 6574285
2451 6574285 6574921
2452 6574921 6575569
2453 6575569 6575761
2454 6575761 6576357
2455 6576357 6577011
2456 6577011 6577655
2457 6577655 6577857
2458 6577857 6578491
2459 6578491 6579107
2460 6579107 6579761
2461 6579761 6579963
2462 6579963 6580148
2463 6580148 6580411
2464 6580411 6581049
2465 6581049 6581256
2466 6581256 6581911
2467 6581911 6582565
2468 6582565 6582763
2469 6582763 6583360
2470 6583360 6583585
2471 6583585 6584241
2472 6584241 6584895
2473 6584895 6585076
2474 6585076 6585715
2475 6585715 6586331
2476 6586331 6586985
2477 6586985 6587180
2478 6587180 6587814
2479 6587814 6588046
2480 6588046 6588665
2481 6588665 6588851
2482 6588851 6589472
2483 6589472 6590126
2484 6590126 6590316
2485 6590316 6590512
2486 6590512 6590696
2487 6590696 6590925
2488 6590925 6591557
2489 6591557 6592248
2490 6592248 6592884
2491 6592884 6593536
2492 6593536 6594202
2493 6594202 6594854
2494 6594854 6595489
2495 6595489 6596143
2496 6596143 6596801
2497 6596801 6597444
2498 6597444 6598100
2499 6598100 6598753
2500 6598753 6607260
2501 6607260 6611486
2502 6611486 6614713
2503 6614713 6627572
2504 6627572 6632148
2505 6632148 6634521
2506 6634521 6636950
2507 6636950 6637611
2508 6637611 6638989
2509 6638989 6649073
2510 6649073 6670836
2511 6670836 6671709
2512 6671709 6675224
2513 6675224 6679060
2514 6679060 6680484
2515 6680484 6681553
2516 6681553 6687314
2517 6687314 6688528
2518 6688528 6689440
2519 6689440 6700262
2520 6700262 6701619
2521 6701619 6719346
2522 6719346 6728821
2523 6728821 6731666
2524 6731666 6735638
2525 6735638 6736995
2526 6736995 6741595
2527 6741595 6747552
2528 6747552 6748613
2529 6748613 6749492
2530 6749492 6751795
2531 6751795 6759962
2532 6759962 6763218
2533 6763218 6765061
2534 6765061 6765592
2535 6765592 6767141
2536 6767141 6769418
2537 6769418 6773227
2538 6773227 6779162
2539 6779162 6780493
2540 6780493 6783662
2541 6783662 6784903
2542 6784903 6786218
2543 6786218 6787323
2544 6787323 6792860
2545 6792860 6793791
2546 6793791 6798156
2547 6798156 6798500
2548 6798500 6807376
2549 6807376 6810967
2550 6810967 6812574
2551 6812574 6813913
2552 6813913 6820309
2553 6820309 6824382
2554 6824382 6825633
2555 6825633 6828577
2556 6828577 6831234
2557 6831234 6833014
2558 6833014 6837125
2559 6837125 6849942
2560 6849942 6851417
2561 6851417 6855447
2562 6855447 6859027
2563 6859027 6860392
2564 6860392 6861480
2565 6861480 6865439
2566 6865439 6872312
2567 6872312 6885251
2568 6885251 6886835
2569 6886835 6888353
2570 6888353 6889806
2571 6889806 6892237
2572 6892237 6894395
2573 6894395 6896142
2574 6896142 6897906
2575 6897906 6899061
2576 6899061 6900697
2577 6900697 6901502
2578 6901502 6908523
2579 6908523 6916651
2580 6916651 6918128
2581 6918128 6919211
2582 6919211 6923878
2583 6923878 6926300
2584 6926300 6927465
2585 6927465 6933899
2586 6933899 6935669
2587 6935669 6943220
2588 6943220 6945385
2589 6945385 6951773
2590 6951773 6955764
2591 6955764 6957155
2592 6957155 6965486
2593 6965486 6972378
2594 6972378 6981905
2595 6981905 6985545
2596 6985545 6987768
2597 6987768 6991157
2598 6991157 6995883
2599 6995883 6997562
2600 6997562 6997987
2601 6997987 6998422
2602 6998422 6998873
2603 6998873 6999368
2604 6999368 6999833
2605 6999833 7000306
2606 7000306 7000803
2607 7000803 7001336
2608 7001336 7001817
2609 7001817 7002328
2610 7002328 7002815
2611 7002815 7003294
2612 7003294 7003789
2613 7003789 7004252
2614 7004252 7004783
2615 7004783 7009898
2616 7009898 7019698
2617 7019698 7021359
2618 7021359 7022109
2619 7022109 7022844
2620 7022844 7025773
2621 7025773 7027652
2622 7027652 7029972
2623 7029972 7033163
2624 7033163 7036064
2625 7036064 7039028
2626 7039028 7042044
2627 7042044 7044490
2628 7044490 7046967
2629 7046967 7049513
2630 7049513 7050375
2631 7050375 7051979
2632 7051979 7057817
2633 7057817 7060403
2634 7060403 7061699
2635 7061699 7063752
2636 7063752 7065340
2637 7065340 7068246
2638 7068246 7074057
2639 7074057 7075260
2640 7075260 7078090
2641 7078090 7079942
2642 7079942 7081187
2643 7081187 7082316
2644 7082316 7084102
2645 7084102 7090102
2646 7090102 7091912
2647 7091912 7095360
2648 7095360 7096963
2649 7096963 7097584
2650 7097584 7100296
2651 7100296 7101203
2652 7101203 7106972
2653 7106972 7112191
2654 7112191 7113812
2655 7113812 7114584
2656 7114584 7115385
2657 7115385 7117878
2658 7117878 7123686
2659 7123686 7127433
2660 7127433 7131156
2661 7131156 7134837
2662 7134837 7138613
2663 7138613 7142443
2664 7142443 7146301
2665 7146301 7150363
2666 7150363 7154242
2667 7154242 7158046
2668 7158046 7161874
2669 7161874 7165720
2670 7165720 7169485
2671 7169485 7173289
2672 7173289 7177111
2673 7177111 7180929
2674 7180929 7184794
2675 7184794 7188498
2676 7188498 7189135
2677 7189135 7194963
2678 7194963 7195656
2679 7195656 7198469
2680 7198469 7201345
2681 7201345 7202446
2682 7202446 7203730
2683 7203730 7211319
2684 7211319 7212812
2685 7212812 7215117
2686 7215117 7217222
2687 7217222 7218688
2688 7218688 7219680
2689 7219680 7221391
2690 7221391 7224022
2691 7224022 7225940
2692 7225940 7242989
2693 7242989 7244544
2694 7244544 7249400
2695 7249400 7251517
2696 7251517 7254345
2697 7254345 7260633
2698 7260633 7261175
2699 7261175 7265217
2700 7265217 7267267
2701 7267267 7268488
2702 7268488 7273155
2703 7273155 7274017
2704 7274017 7276143
2705 7276143 7278047
2706 7278047 7282238
2707 7282238 7286942
2708 7286942 7296188
2709 7296188 7300327
2710 7300327 7303042
2711 7303042 7303895
2712 7303895 7304713
2713 7304713 7305630
2714 7305630 7306691
2715 7306691 7308669
2716 7308669 7311812
2717 7311812 7314272
2718 7314272 7322068
2719 7322068 7324741
2720 7324741 7326765
2721 7326765 7332992
2722 7332992 7337247
2723 7337247 7341622
2724 7341622 7345466
2725 7345466 7352363
2726 7352363 7355977
2727 7355977 7359271
2728 7359271 7363905
2729 7363905 7369181
2730 7369181 7373634
2731 7373634 7377063
2732 7377063 7381194
2733 7381194 7382343
2734 7382343 7390300
2735 7390300 7394881
2736 7394881 7399280
2737 7399280 7403664
2738 7403664 7407760
2739 7407760 7413334
2740 7413334 7421142
2741 7421142 7423498
2742 7423498 7425635
2743 7425635 7428595
2744 7428595 7431549
2745 7431549 7436173
2746 7436173 7441612
2747 7441612 7444790
2748 7444790 7448888
2749 7448888 7454358
2750 7454358 7459050
2751 7459050 7464178
2752 7464178 7466678
2753 7466678 7469416
2754 7469416 7472394
2755 7472394 7480666
2756 7480666 7481904
2757 7481904 7482684
2758 7482684 7482897
2759 7482897 7487055
2760 7487055 7490409
2761 7490409 7491963
2762 7491963 7501922
2763 7501922 7505000
2764 7505000 7513765
2765 7513765 7517738
2766 7517738 7522993
2767 7522993 7527935
2768 7527935 7536529
2769 7536529 7541336
2770 7541336 7545266
2771 7545266 7545797
2772 7545797 7550493
2773 7550493 7554897
2774 7554897 7558721
2775 7558721 7564556
2776 7564556 7571783
2777 7571783 7578262
2778 7578262 7580845
2779 7580845 7584215
2780 7584215 7585192
2781 7585192 7608113
2782 7608113 7626704
2783 7626704 7629297
2784 7629297 7637784
2785 7637784 7639440
2786 7639440 7641844
2787 7641844 7648990
2788 7648990 7652339
2789 7652339 7663363
2790 7663363 7666248
2791 7666248 7669769
2792 7669769 7673001
2793 7673001 7677847
2794 7677847 7685122
2795 7685122 7692035
2796 7692035 7698237
2797 7698237 7699321
2798 7699321 7702116
2799 7702116 7705572
2800 7705572 7706628
2801 7706628 7709075
2802 7709075 7710638
2803 7710638 7716992
2804 7716992 7730627
2805 7730627 7732734
2806 7732734 7745697
2807 7745697 7752177
2808 7752177 7755065
2809 7755065 7760107
2810 7760107 7762080
2811 7762080 7771135
2812 7771135 7777709
2813 7777709 7780199
2814 7780199 7786655
2815 7786655 7787695
2816 7787695 7788791
2817 7788791 7795491
2818 7795491 7797662
2819 7797662 7799604
2820 7799604 7806304
2821 7806304 7812521
2822 7812521 7816159
2823 7816159 7816800
2824 7816800 7818647
2825 7818647 7821738
2826 7821738 7823006
2827 7823006 7825317
2828 7825317 7826440
2829 7826440 7829930
2830 7829930 7834052
2831 7834052 7838390
2832 7838390 7844688
2833 7844688 7848453
2834 7848453 7849175
2835 7849175 7853462
2836 7853462 7857553
2837 7857553 7858100
2838 7858100 7859109
2839 7859109 7860703
2840 7860703 7864368
2841 7864368 7867967
2842 7867967 7872781
2843 7872781 7875489
2844 7875489 7877578
2845 7877578 7880719
2846 7880719 7881531
2847 7881531 7888723
2848 7888723 7889680
2849 7889680 7892838
2850 7892838 7895233
2851 7895233 7897917
2852 7897917 7901333
2853 7901333 7903893
2854 7903893 7907974
2855 7907974 7910026
2856 7910026 7911898
2857 7911898 7916344
2858 7916344 7917777
2859 7917777 7922212
2860 7922212 7926104
2861 7926104 7931795
2862 7931795 7938470
2863 7938470 7943011
2864 7943011 7944822
2865 7944822 7946102
2866 7946102 7948961
2867 7948961 7955415
2868 7955415 7957964
2869 7957964 7961422
2870 7961422 7964145
2871 7964145 7966432
2872 7966432 7976942
2873 7976942 7977716
2874 7977716 7986842
2875 7986842 7993666
2876 7993666 7995881
2877 7995881 7998412
2878 7998412 8000813
2879 8000813 8003193
2880 8003193 8004550
2881 8004550 8005696
2882 8005696 8008652
2883 8008652 8018834
2884 8018834 8020121
2885 8020121 8024100
2886 8024100 8025235
2887 8025235 8025702
2888 8025702 8036508
2889 8036508 8038354
2890 8038354 8041728
2891 8041728 8045081
2892 8045081 8048674
2893 8048674 8058377
2894 8058377 8060572
2895 8060572 8061694
2896 8061694 8062485
2897 8062485 8063550
2898 8063550 8065393
2899 8065393 8073925
2900 8073925 8077391
2901 8077391 8083747
2902 8083747 8088572
2903 8088572 8094193
2904 8094193 8095910
2905 8095910 8101281
2906 8101281 8102983
2907 8102983 8104704
2908 8104704 8111517
2909 8111517 8114312
2910 8114312 8115819
2911 8115819 8117896
2912 8117896 8120487
2913 8120487 8123075
2914 8123075 8126866
2915 8126866 8130211
2916 8130211 8133907
2917 8133907 8140269
2918 8140269 8141762
2919 8141762 8144452
2920 8144452 8146551
2921 8146551 8149665
2922 8149665 8151273
2923 8151273 8159793
2924 8159793 8163302
2925 8163302 8166698
2926 8166698 8168069
2927 8168069 8175990
2928 8175990 8184195
2929 8184195 8192837
2930 8192837 8198528
2931 8198528 8205952
2932 8205952 8213039
2933 8213039 8218535
2934 8218535 8220335
2935 8220335 8226764
2936 8226764 8235805
2937 8235805 8239674
2938 8239674 8244272
2939 8244272 8247004
2940 8247004 8249406
2941 8249406 8253272
2942 8253272 8258086
2943 8258086 8262353
2944 8262353 8265605
2945 8265605 8272662
2946 8272662 8281242
2947 8281242 8289735
2948 8289735 8292536
2949 8292536 8293186
2950 8293186 8297380
2951 8297380 8305520
2952 8305520 8313861
2953 8313861 8319273
2954 8319273 8321690
2955 8321690 8329292
2956 8329292 8335938
2957 8335938 8339404
2958 8339404 8342307
2959 8342307 8343370
2960 8343370 8346427
2961 8346427 8357031
2962 8357031 8364598
2963 8364598 8372218
2964 8372218 8373262
2965 8373262 8376234
2966 8376234 8378031
2967 8378031 8386062
2968 8386062 8393007
2969 8393007 8397072
2970 8397072 8398107
2971 8398107 8407690
2972 8407690 8417324
2973 8417324 8420033
2974 8420033 8423830
2975 8423830 8429524
2976 8429524 8444310
2977 8444310 8447358
2978 8447358 8451817
2979 8451817 8459712
2980 8459712 8466214
2981 8466214 8468724
2982 8468724 8472593
2983 8472593 8476397
2984 8476397 8478259
2985 8478259 8481648
2986 8481648 8486729
2987 8486729 8488972
2988 8488972 8490081
2989 8490081 8491447
2990 8491447 8495445
2991 8495445 8496438
2992 8496438 8499927
2993 8499927 8503230
2994 8503230 8506908
2995 8506908 8510187
2996 8510187 8512654
2997 8512654 8513643
2998 8513643 8514907
2999 8514907 8522976
3000 8522976 8529991
3001 8529991 8534477
3002 8534477 8541777
3003 8541777 8542775
3004 8542775 8546107
3005 8546107 8555180
3006 8555180 8557330
3007 8557330 8563628
3008 8563628 8569917
3009 8569917 8571062
3010 8571062 8571895
3011 8571895 8578698
3012 8578698 8582282
3013 8582282 8584965
3014 8584965 8585991
3015 8585991 8586469
3016 8586469 8589638
3017 8589638 8591755
3018 8591755 8601955
3019 8601955 8603088
3020 8603088 8604437
3021 8604437 8609625
3022 8609625 8612164
3023 8612164 8618825
3024 8618825 8626657
3025 8626657 8628081
3026 8628081 8629859
3027 8629859 8632111
3028 8632111 8635531
3029 8635531 8637495
3030 8637495 8639603
3031 8639603 8645658
3032 8645658 8647740
3033 8647740 8649203
3034 8649203 8650316
3035 8650316 8653500
3036 8653500 8659821
3037 8659821 8661811
3038 8661811 8664209
3039 8664209 8666824
3040 8666824 8669443
3041 8669443 8673052
3042 8673052 8674471
3043 8674471 8682973
3044 8682973 8686889
3045 8686889 8688375
3046 8688375 8698827
3047 8698827 8702933
3048 8702933 8710142
3049 8710142 8720184
3050 8720184 8723550
3051 8723550 8730052
3052 8730052 8734431
3053 8734431 8739099
3054 8739099 8742099
3055 8742099 8743426
3056 8743426 8746506
3057 8746506 8748469
3058 8748469 8750145
3059 8750145 8751867
3060 8751867 8755227
3061 8755227 8757298
3062 8757298 8759434
3063 8759434 8760424
3064 8760424 8762324
3065 8762324 8766288
3066 8766288 8768493
3067 8768493 8773898
3068 8773898 8775649
3069 8775649 8777552
3070 8777552 8780103
3071 8780103 8782304
3072 8782304 8784690
3073 8784690 8786883
3074 8786883 8788683
3075 8788683 8791073
3076 8791073 8797098
3077 8797098 8802059
3078 8802059 8803694
3079 8803694 8817376
3080 8817376 8822755
3081 8822755 8823738
3082 8823738 8838250
3083 8838250 8840111
3084 8840111 8841723
3085 8841723 8842825
3086 8842825 8844349
3087 8844349 8846120
3088 8846120 8852205
3089 8852205 8855200
3090 8855200 8858285
3091 8858285 8860678
3092 8860678 8862639
3093 8862639 8865496
3094 8865496 8870906
3095 8870906 8886305
3096 8886305 8893551
3097 8893551 8896913
3098 8896913 8900154
3099 8900154 8902701
3100 8902701 8905668
3101 8905668 8907017
3102 8907017 8909321
3103 8909321 8914601
3104 8914601 8916219
3105 8916219 8917522
3106 8917522 8919233
3107 8919233 8921230
3108 8921230 8923301
3109 8923301 8925911
3110 8925911 8927946
3111 8927946 8929448
3112 8929448 8930944
3113 8930944 8932345
3114 8932345 8934842
3115 8934842 8936848
3116 8936848 8939974
3117 8939974 8946303
3118 8946303 8947296
3119 8947296 8953946
3120 8953946 8954893
3121 8954893 8956050
3122 8956050 8956848
3123 8956848 8963170
3124 8963170 8966024
3125 8966024 8971112
3126 8971112 8980191
3127 8980191 8987555
3128 8987555 8989396
3129 8989396 8994896
3130 8994896 8998506
3131 8998506 9000025
3132 9000025 9000676
3133 9000676 9003970
3134 9003970 9013150
3135 9013150 9016039
3136 9016039 9018266
3137 9018266 9023990
3138 9023990 9025300
3139 9025300 9029722
3140 9029722 9030424
3141 9030424 9032987
3142 9032987 9034535
3143 9034535 9035680
3144 9035680 9038207
3145 9038207 9042578
3146 9042578 9045514
3147 9045514 9050955
3148 9050955 9056830
3149 9056830 9061304
3150 9061304 9064075
3151 9064075 9066152
3152 9066152 9067231
3153 9067231 9068048
3154 9068048 9070696
3155 9070696 9076488
3156 9076488 9077445
3157 9077445 9079262
3158 9079262 9081006
3159 9081006 9088488
3160 9088488 9089704
3161 9089704 9091940
3162 9091940 9094381
3163 9094381 9095784
3164 9095784 9096376
3165 9096376 9101389
3166 9101389 9107520
3167 9107520 9119153
3168 9119153 9120380
3169 9120380 9122732
3170 9122732 9123771
3171 9123771 9125045
3172 9125045 9127237
3173 9127237 9130067
3174 9130067 9135263
3175 9135263 9137713
3176 9137713 9140745
3177 9140745 9160834
3178 9160834 9163692
3179 9163692 9165314
3180 9165314 9167570
3181 9167570 9169343
3182 9169343 9170813
3183 9170813 9178173
3184 9178173 9182785
3185 9182785 9195385
3186 9195385 9197807
3187 9197807 9199639
3188 9199639 9201094
3189 9201094 9204212
3190 9204212 9205600
3191 9205600 9209490
3192 9209490 9210603
3193 9210603 9211743
3194 9211743 9213089
3195 9213089 9215484
3196 9215484 9217453
3197 9217453 9219823
3198 9219823 9223298
3199 9223298 9223507
3200 9223507 9224487
3201 9224487 9231816
3202 9231816 9237035
3203 9237035 9243614
3204 9243614 9248057
3205 9248057 9251765
3206 9251765 9254524
3207 9254524 9285456
3208 9285456 9289427
3209 9289427 9294723
3210 9294723 9297577
3211 9297577 9299551
3212 9299551 9304303
3213 9304303 9305538
3214 9305538 9308109
3215 9308109 9313784
3216 9313784 9316343
3217 9316343 9324932
3218 9324932 9332344
3219 9332344 9334770
3220 9334770 9336240
3221 9336240 9337890
3222 9337890 9340573
3223 9340573 9343164
3224 9343164 9345426
3225 9345426 9348499
3226 9348499 9350578
3227 9350578 9353575
3228 9353575 9360540
3229 9360540 9366911
3230 9366911 9373814
3231 9373814 9380596
3232 9380596 9384550
3233 9384550 9392685
3234 9392685 9400481
3235 9400481 9403607
3236 9403607 9405416
3237 9405416 9408409
3238 9408409 9410034
3239 9410034 9413069
3240 9413069 9416515
3241 9416515 9418385
3242 9418385 9419922
3243 9419922 9424703
3244 9424703 9426457
3245 9426457 9427985
3246 9427985 9430459
3247 9430459 9434084
3248 9434084 9436157
3249 9436157 9437625
3250 9437625 9440446
3251 9440446 9448273
3252 9448273 9451615
3253 9451615 9455250
3254 9455250 9464134
3255 9464134 9467877
3256 9467877 9470711
3257 9470711 9472922
3258 9472922 9476499
3259 9476499 9480003
3260 9480003 9482083
3261 9482083 9483692
3262 9483692 9485495
3263 9485495 9491864
3264 9491864 9495072
3265 9495072 9497316
3266 9497316 9499185
3267 9499185 9502616
3268 9502616 9508129
3269 9508129 9510143
3270 9510143 9514302
3271 9514302 9517025
3272 9517025 9520791
3273 9520791 9522546
3274 9522546 9524092
3275 9524092 9525647
3276 9525647 9527274
3277 9527274 9530931
3278 9530931 9533673
3279 9533673 9537642
3280 9537642 9540030
3281 9540030 9542432
3282 9542432 9545028
3283 9545028 9547407
3284 9547407 9549948
3285 9549948 9573208
3286 9573208 9576429
3287 9576429 9580052
3288 9580052 9586377
3289 9586377 9589471
3290 9589471 9592773
3291 9592773 9596188
3292 9596188 9601430
3293 9601430 9603047
3294 9603047 9605641
3295 9605641 9609065
3296 9609065 9611520
3297 9611520 9612603
3298 9612603 9614969
3299 9614969 9620055
3300 9620055 9624285
3301 9624285 9627306
3302 9627306 9631086
3303 9631086 9633728
3304 9633728 9639151
3305 9639151 9641681
3306 9641681 9645473
3307 9645473 9646575
3308 9646575 9651892
3309 9651892 9653337
3310 9653337 9654554
3311 9654554 9656601
3312 9656601 9664047
3313 9664047 9667379
3314 9667379 9669919
3315 9669919 9670712
3316 9670712 9671819
3317 9671819 9674769
3318 9674769 9679191
3319 9679191 9688881
3320 9688881 9691083
3321 9691083 9694260
3322 9694260 9696372
3323 9696372 9698665
3324 9698665 9725719
3325 9725719 9727625
3326 9727625 9729411
3327 9729411 9734797
3328 9734797 9740273
3329 9740273 9742786
3330 9742786 9746210
3331 9746210 9750998
3332 9750998 9754737
3333 9754737 9758129
3334 9758129 9773629
3335 9773629 9777785
3336 9777785 9781394
3337 9781394 9791563
3338 9791563 9793257
3339 9793257 9794772
3340 9794772 9800652
3341 9800652 9811624
3342 9811624 9816890
3343 9816890 9820758
3344 9820758 9822969
3345 9822969 9824291
3346 9824291 9824971
3347 9824971 9826517
3348 9826517 9831182
3349 9831182 9833933
3350 9833933 9835900
3351 9835900 9844707
3352 9844707 9850994
3353 9850994 9856201
3354 9856201 9858189
3355 9858189 9864679
3356 9864679 9867663
3357 9867663 9870617
3358 9870617 9878143
3359 9878143 9879855
3360 9879855 9881987
3361 9881987 9884594
3362 9884594 9886308
3363 9886308 9887924
3364 9887924 9898857
3365 9898857 9906487
3366 9906487 9909883
3367 9909883 9912936
3368 9912936 9914851
3369 9914851 9920441
3370 9920441 9928642
3371 9928642 9931865
3372 9931865 9932458
3373 9932458 9936130
3374 9936130 9941269
3375 9941269 9948194
3376 9948194 9949131
3377 9949131 9951510
3378 9951510 9955894
3379 9955894 9959462
3380 9959462 9962383
3381 9962383 9968025
3382 9968025 9973129
3383 9973129 9980499
3384 9980499 9981639
3385 9981639 9985594
3386 9985594 9986957
3387 9986957 9994320
3388 9994320 9997629
3389 9997629 10002027
3390 10002027 10006919
3391 10006919 10009280
3392 10009280 10015375
3393 10015375 10017670
3394 10017670 10019394
3395 10019394 10034722
3396 10034722 10044035
3397 10044035 10049444
3398 10049444 10050831
3399 10050831 10056543
3400 10056543 10057952
3401 10057952 10064532
3402 10064532 10069181
3403 10069181 10073806
3404 10073806 10083590
3405 10083590 10085337
3406 10085337 10088830
3407 10088830 10104552
3408 10104552 10114165
3409 10114165 10118090
3410 10118090 10126002
3411 10126002 10139797
3412 10139797 10143610
3413 10143610 10157717
3414 10157717 10163132
3415 10163132 10171215
3416 10171215 10182762
3417 10182762 10184807
3418 10184807 10188412
3419 10188412 10193579
3420 10193579 10198911
3421 10198911 10204071
3422 10204071 10210409
3423 10210409 10211440
3424 10211440 10218636
3425 10218636 10221577
3426 10221577 10231110
3427 10231110 10235327
3428 10235327 10241749
3429 10241749 10244632
3430 10244632 10246224
3431 10246224 10249143
3432 10249143 10252542
3433 10252542 10254312
3434 10254312 10259864
3435 10259864 10268934
3436 10268934 10269119
3437 10269119 10271410
3438 10271410 10279828
3439 10279828 10286624
3440 10286624 10293082
3441 10293082 10296769
3442 10296769 10300149
3443 10300149 10303035
3444 10303035 10306447
3445 10306447 10306915
3446 10306915 10309081
3447 10309081 10313005
3448 10313005 10316618
3449 10316618 10319526
3450 10319526 10323103
3451 10323103 10325797
3452 10325797 10332356
3453 10332356 10341776
3454 10341776 10350213
3455 10350213 10360737
3456 10360737 10370428
3457 10370428 10380701
3458 10380701 10388656
3459 10388656 10394127
3460 10394127 10400368
3461 10400368 10407858
3462 10407858 10411406
3463 10411406 10415393
3464 10415393 10417761
3465 10417761 10419316
3466 10419316 10420976
3467 10420976 10424125
3468 10424125 10427636
3469 10427636 10435233
3470 10435233 10441572
3471 10441572 10447506
3472 10447506 10451076
3473 10451076 10455667
3474 10455667 10459148
3475 10459148 10470749
3476 10470749 10475898
3477 10475898 10482536
3478 10482536 10487339
3479 10487339 10488407
3480 10488407 10492571
3481 10492571 10496226
3482 10496226 10499666
3483 10499666 10503975
3484 10503975 10508877
3485 10508877 10513432
3486 10513432 10521415
3487 10521415 10523658
3488 10523658 10529193
3489 10529193 10533568
3490 10533568 10540097
3491 10540097 10544884
3492 10544884 10547049
3493 10547049 10549190
3494 10549190 10550681
3495 10550681 10553992
3496 10553992 10558585
3497 10558585 10562717
3498 10562717 10568950
3499 10568950 10577525
3500 10577525 10579376
3501 10579376 10585154
3502 10585154 10592426
3503 10592426 10593709
3504 10593709 10597127
3505 10597127 10601232
3506 10601232 10602856
3507 10602856 10610148
3508 10610148 10612900
3509 10612900 10623037
3510 10623037 10627327
3511 10627327 10633129
3512 10633129 10633941
3513 10633941 10637695
3514 10637695 10639668
3515 10639668 10642907
3516 10642907 10646649
3517 10646649 10650904
3518 10650904 10654516
3519 10654516 10669128
3520 10669128 10672187
3521 10672187 10677014
3522 10677014 10681124
3523 10681124 10683752
3524 10683752 10686483
3525 10686483 10690060
3526 10690060 10693535
3527 10693535 10713337
3528 10713337 10717342
3529 10717342 10718601
3530 10718601 10722780
3531 10722780 10726461
3532 10726461 10731815
3533 10731815 10736141
3534 10736141 10739941
3535 10739941 10744319
3536 10744319 10747394
3537 10747394 10749089
3538 10749089 10753399
3539 10753399 10757141
3540 10757141 10760325
3541 10760325 10764328
3542 10764328 10768493
3543 10768493 10772042
3544 10772042 10775691
3545 10775691 10779502
3546 10779502 10783512
3547 10783512 10786989
3548 10786989 10791305
3549 10791305 10801822
3550 10801822 10805591
3551 10805591 10810316
3552 10810316 10813825
3553 10813825 10817852
3554 10817852 10822634
3555 10822634 10826825
3556 10826825 10830782
3557 10830782 10834266
3558 10834266 10837117
3559 10837117 10840213
3560 10840213 10843351
3561 10843351 10847418
3562 10847418 10850691
3563 10850691 10870053
3564 10870053 10874413
3565 10874413 10877826
3566 10877826 10879385
3567 10879385 10882844
3568 10882844 10886365
3569 10886365 10905912
3570 10905912 10910591
3571 10910591 10912107
3572 10912107 10915526
3573 10915526 10920380
3574 10920380 10924532
3575 10924532 10927880
3576 10927880 10929112
3577 10929112 10932571
3578 10932571 10938022
3579 10938022 10941803
3580 10941803 10946874
3581 10946874 10950051
3582 10950051 10953346
3583 10953346 10956990
3584 10956990 10960726
3585 10960726 10964212
3586 10964212 10966954
3587 10966954 10970198
3588 10970198 10973850
3589 10973850 10977051
3590 10977051 10980607
3591 10980607 10999552
3592 10999552 11004074
3593 11004074 11007861
3594 11007861 11011488
3595 11011488 11013088
3596 11013088 11017423
3597 11017423 11018667
3598 11018667 11019605
3599 11019605 11022571
3600 11022571 11026648
3601 11026648 11030203
3602 11030203 11033057
3603 11033057 11036591
3604 11036591 11039209
3605 11039209 11040324
3606 11040324 11044552
3607 11044552 11064372
3608 11064372 11068205
3609 11068205 11073033
3610 11073033 11076368
3611 11076368 11081189
3612 11081189 11084510
3613 11084510 11087791
3614 11087791 11091444
3615 11091444 11098163
3616 11098163 11106388
3617 11106388 11110109
3618 11110109 11115135
3619 11115135 11118641
3620 11118641 11120535
3621 11120535 11121532
3622 11121532 11122948
3623 11122948 11124123
3624 11124123 11126227
3625 11126227 11127531
3626 11127531 11129274
3627 11129274 11131087
3628 11131087 11133274
3629 11133274 11135083
3630 11135083 11142755
3631 11142755 11161115
3632 11161115 11164999
3633 11164999 11169415
3634 11169415 11172766
3635 11172766 11176320
3636 11176320 11186838
3637 11186838 11190908
3638 11190908 11192132
3639 11192132 11193031
3640 11193031 11194542
3641 11194542 11195514
3642 11195514 11197494
3643 11197494 11201963
3644 11201963 11203600
3645 11203600 11209849
3646 11209849 11217554
3647 11217554 11219554
3648 11219554 11223564
3649 11223564 11226244
3650 11226244 11231022
3651 11231022 11239877
3652 11239877 11244861
3653 11244861 11252843
3654 11252843 11257635
3655 11257635 11267681
3656 11267681 11269900
3657 11269900 11271524
3658 11271524 11273632
3659 11273632 11275515
3660 11275515 11277959
3661 11277959 11280861
3662 11280861 11283451
3663 11283451 11296760
3664 11296760 11299257
3665 11299257 11301525
3666 11301525 11304047
3667 11304047 11307141
3668 11307141 11308736
3669 11308736 11318904
3670 11318904 11328564
3671 11328564 11333292
3672 11333292 11340300
3673 11340300 11343968
3674 11343968 11347403
3675 11347403 11350258
3676 11350258 11356144
3677 11356144 11359236
3678 11359236 11365103
3679 11365103 11369884
3680 11369884 11383627
3681 11383627 11387466
3682 11387466 11390444
3683 11390444 11392076
3684 11392076 11400193
3685 11400193 11405893
3686 11405893 11418404
3687 11418404 11422228
3688 11422228 11424441
3689 11424441 11429917
3690 11429917 11435775
3691 11435775 11443711
3692 11443711 11453862
3693 11453862 11457473
3694 11457473 11460870
3695 11460870 11463063
3696 11463063 11463456
3697 11463456 11467248
3698 11467248 11469287
3699 11469287 11470779
3700 11470779 11478166
3701 11478166 11479195
3702 11479195 11480148
3703 11480148 11481834
3704 11481834 11485121
3705 11485121 11486955
3706 11486955 11491025
3707 11491025 11493204
3708 11493204 11497240
3709 11497240 11498646
3710 11498646 11503575
3711 11503575 11506186
3712 11506186 11507948
3713 11507948 11509933
3714 11509933 11511427
3715 11511427 11514129
3716 11514129 11514863
3717 11514863 11520822
3718 11520822 11524157
3719 11524157 11533109
3720 11533109 11537133
3721 11537133 11539183
3722 11539183 11542614
3723 11542614 11550211
3724 11550211 11552852
3725 11552852 11555590
3726 11555590 11565259
3727 11565259 11584605
3728 11584605 11587722
3729 11587722 11590476
3730 11590476 11595853
3731 11595853 11598115
3732 11598115 11602383
3733 11602383 11608980
3734 11608980 11609951
3735 11609951 11614841
3736 11614841 11623130
3737 11623130 11628486
3738 11628486 11635173
3739 11635173 11636104
3740 11636104 11639900
3741 11639900 11642860
3742 11642860 11646455
3743 11646455 11649006
3744 11649006 11652717
3745 11652717 11657414
3746 11657414 11667055
3747 11667055 11676703
3748 11676703 11688243
3749 11688243 11690407
3750 11690407 11695214
3751 11695214 11698243
3752 11698243 11699902
3753 11699902 11705699
3754 11705699 11707741
3755 11707741 11709675
3756 11709675 11718078
3757 11718078 11726884
3758 11726884 11729653
3759 11729653 11734157
3760 11734157 11737316
3761 11737316 11739271
3762 11739271 11749931
3763 11749931 11756224
3764 11756224 11761118
3765 11761118 11766435
3766 11766435 11767766
3767 11767766 11769633
3768 11769633 11773249
3769 11773249 11773456
3770 11773456 11777171
3771 11777171 11779715
3772 11779715 11787414
3773 11787414 11794430
3774 11794430 11800929
3775 11800929 11809742
3776 11809742 11812906
3777 11812906 11815730
3778 11815730 11817587
3779 11817587 11824661
3780 11824661 11828086
3781 11828086 11830750
3782 11830750 11831926
3783 11831926 11843576
3784 11843576 11854430
3785 11854430 11864345
3786 11864345 11871295
3787 11871295 11880245
3788 11880245 11882551
3789 11882551 11883084
3790 11883084 11885872
3791 11885872 11886508
3792 11886508 11892894
3793 11892894 11897207
3794 11897207 11899542
3795 11899542 11908748
3796 11908748 11915282
3797 11915282 11916857
3798 11916857 11924284
3799 11924284 11927030
3800 11927030 11934727
3801 11934727 11939215
3802 11939215 11942168
3803 11942168 11948491
3804 11948491 11957758
3805 11957758 11960745
3806 11960745 11965144
3807 11965144 11969055
3808 11969055 11970784
3809 11970784 11977315
3810 11977315 11982803
3811 11982803 11988050
3812 11988050 11996093
3813 11996093 11997944
3814 11997944 12000777
3815 12000777 12002736
3816 12002736 12004301
3817 12004301 12006865
3818 12006865 12008876
3819 12008876 12012632
3820 12012632 12013578
3821 12013578 12014789
3822 12014789 12016719
3823 12016719 12018161
3824 12018161 12021976
3825 12021976 12027698
3826 12027698 12029942
3827 12029942 12032848
3828 12032848 12034356
3829 12034356 12040110
3830 12040110 12042772
3831 12042772 12044063
3832 12044063 12045332
3833 12045332 12046670
3834 12046670 12054629
3835 12054629 12056345
3836 12056345 12059179
3837 12059179 12060425
3838 12060425 12061859
3839 12061859 12066987
3840 12066987 12070032
3841 12070032 12071332
3842 12071332 12074124
3843 12074124 12075571
3844 12075571 12076504
3845 12076504 12079283
3846 12079283 12080781
3847 12080781 12081692
3848 12081692 12084696
3849 12084696 12085922
3850 12085922 12094705
3851 12094705 12097317
3852 12097317 12098945
3853 12098945 12101183
3854 12101183 12103177
3855 12103177 12109434
3856 12109434 12111516
3857 12111516 12113086
3858 12113086 12116237
3859 12116237 12120300
3860 12120300 12122987
3861 12122987 12125873
3862 12125873 12126913
3863 12126913 12128335
3864 12128335 12133844
3865 12133844 12135494
3866 12135494 12139116
3867 12139116 12141200
3868 12141200 12147012
3869 12147012 12153796
3870 12153796 12155020
3871 12155020 12156543
3872 12156543 12156903
3873 12156903 12159105
3874 12159105 12160850
3875 12160850 12163799
3876 12163799 12165022
3877 12165022 12166985
3878 12166985 12167910
3879 12167910 12169781
3880 12169781 12172751
3881 12172751 12179640
3882 12179640 12182304
3883 12182304 12183870
3884 12183870 12185641
3885 12185641 12187349
3886 12187349 12188312
3887 12188312 12197274
3888 12197274 12202887
3889 12202887 12208558
3890 12208558 12214046
3891 12214046 12220791
3892 12220791 12222867
3893 12222867 12242326
3894 12242326 12250009
3895 12250009 12251831
3896 12251831 12253071
3897 12253071 12256109
3898 12256109 12257969
3899 12257969 12260664
3900 12260664 12264841
3901 12264841 12266256
3902 12266256 12266853
3903 12266853 12273427
3904 12273427 12275845
3905 12275845 12277676
3906 12277676 12281025
3907 12281025 12282916
3908 12282916 12296677
3909 12296677 12297221
3910 12297221 12298863
3911 12298863 12301896
3912 12301896 12304266
3913 12304266 12307100
3914 12307100 12325476
3915 12325476 12329805
3916 12329805 12335278
3917 12335278 12338307
3918 12338307 12341068
3919 12341068 12344822
3920 12344822 12346958
3921 12346958 12350978
3922 12350978 12364129
3923 12364129 12366656
3924 12366656 12368587
3925 12368587 12372222
3926 12372222 12376100
3927 12376100 12379988
3928 12379988 12381897
3929 12381897 12387348
3930 12387348 12394237
3931 12394237 12396758
3932 12396758 12401353
3933 12401353 12408342
3934 12408342 12409858
3935 12409858 12412355
3936 12412355 12415041
3937 12415041 12415868
3938 12415868 12421242
3939 12421242 12421524
3940 12421524 12422375
3941 12422375 12425965
3942 12425965 12431904
3943 12431904 12433155
3944 12433155 12434553
3945 12434553 12438253
3946 12438253 12442849
3947 12442849 12445249
3948 12445249 12447465
3949 12447465 12451255
3950 12451255 12455329
3951 12455329 12456271
3952 12456271 12459222
3953 12459222 12460375
3954 12460375 12462172
3955 12462172 12464188
3956 12464188 12467328
3957 12467328 12474485
3958 12474485 12483111
3959 12483111 12487091
3960 12487091 12491102
3961 12491102 12495743
3962 12495743 12499660
3963 12499660 12504304
3964 12504304 12505475
3965 12505475 12509705
3966 12509705 12512427
3967 12512427 12514157
3968 12514157 12515249
3969 12515249 12519303
3970 12519303 12523193
3971 12523193 12526097
3972 12526097 12527401
3973 12527401 12530581
3974 12530581 12538286
3975 12538286 12557374
3976 12557374 12559585
3977 12559585 12563384
3978 12563384 12565045
3979 12565045 12569312
3980 12569312 12574447
3981 12574447 12583315
3982 12583315 12586473
3983 12586473 12599864
3984 12599864 12603623
3985 12603623 12603822
3986 12603822 12610211
3987 12610211 12618936
3988 12618936 12624718
3989 12624718 12626899
3990 12626899 12631888
3991 12631888 12633116
3992 12633116 12636994
3993 12636994 12643373
3994 12643373 12645052
3995 12645052 12648506
3996 12648506 12651326
3997 12651326 12657633
3998 12657633 12663043
3999 12663043 12664864
4000 12664864 12671633
4001 12671633 12675321
4002 12675321 12685770
4003 12685770 12692765
4004 12692765 12697342
4005 12697342 12700881
4006 12700881 12707348
4007 12707348 12717001
4008 12717001 12718608
4009 12718608 12721400
4010 12721400 12723815
4011 12723815 12728389
4012 12728389 12737117
4013 12737117 12738717
4014 12738717 12743547
4015 12743547 12743735
4016 12743735 12743923
4017 12743923 12744132
4018 12744132 12744332
4019 12744332 12744505
4020 12744505 12744719
4021 12744719 12744932
4022 12744932 12745145
4023 12745145 12745357
4024 12745357 12745572
4025 12745572 12745778
4026 12745778 12745966
4027 12745966 12746137
4028 12746137 12746313
4029 12746313 12746511
4030 12746511 12746706
4031 12746706 12746923
4032 12746923 12747115
4033 12747115 12747288
4034 12747288 12747467
4035 12747467 12747661
4036 12747661 12747849
4037 12747849 12748057
4038 12748057 12748266
4039 12748266 12748479
4040 12748479 12748688
4041 12748688 12748861
4042 12748861 12749062
4043 12749062 12749277
4044 12749277 12749472
4045 12749472 12749685
4046 12749685 12749873
4047 12749873 12750080
4048 12750080 12750292
4049 12750292 12750501
4050 12750501 12750717
4051 12750717 12750909
4052 12750909 12751128
4053 12751128 12751339
4054 12751339 12751553
4055 12751553 12751768
4056 12751768 12751977
4057 12751977 12752184
4058 12752184 12752386
4059 12752386 12752580
4060 12752580 12752759
4061 12752759 12752973
4062 12752973 12753179
4063 12753179 12753361
4064 12753361 12753528
4065 12753528 12756348
4066 12756348 12759057
4067 12759057 12760310
4068 12760310 12761419
4069 12761419 12762283
4070 12762283 12763267
4071 12763267 12764266
4072 12764266 12766629
4073 12766629 12768376
4074 12768376 12769532
4075 12769532 12770438
4076 12770438 12771575
4077 12771575 12772936
4078 12772936 12773938
4079 12773938 12775891
4080 12775891 12778520
4081 12778520 12779799
4082 12779799 12782545
4083 12782545 12785367
4084 12785367 12788370
4085 12788370 12789436
4086 12789436 12793067
4087 12793067 12795616
4088 12795616 12799916
4089 12799916 12803252
4090 12803252 12809139
4091 12809139 12812444
4092 12812444 12813370
4093 12813370 12815703
4094 12815703 12820336
4095 12820336 12822654
4096 12822654 12823454
4097 12823454 12829265
4098 12829265 12830505
4099 12830505 12836526
4100 12836526 12837406
4101 12837406 12839030
4102 12839030 12839909
4103 12839909 12843189
4104 12843189 12849612
4105 12849612 12850444
4106 12850444 12853870
4107 12853870 12857913
4108 12857913 12859166
4109 12859166 12860253
4110 12860253 12862061
4111 12862061 12863602
4112 12863602 12866105
4113 12866105 12868607
4114 12868607 12870361
4115 12870361 12871746
4116 12871746 12874662
4117 12874662 12877105
4118 12877105 12878679
4119 12878679 12880546
4120 12880546 12881633
4121 12881633 12882590
4122 12882590 12885960
4123 12885960 12887924
4124 12887924 12889859
4125 12889859 12892089
4126 12892089 12894049
4127 12894049 12897179
4128 12897179 12898979
4129 12898979 12902182
4130 12902182 12905989
4131 12905989 12906512
4132 12906512 12907623
4133 12907623 12908439
4134 12908439 12911013
4135 12911013 12912076
4136 12912076 12914362
4137 12914362 12916230
4138 12916230 12917660
4139 12917660 12918390
4140 12918390 12920073
4141 12920073 12922617
4142 12922617 12924189
4143 12924189 12926481
4144 12926481 12928876
4145 12928876 12931131
4146 12931131 12932204
4147 12932204 12934730
4148 12934730 12936162
4149 12936162 12940354
4150 12940354 12942469
4151 12942469 12944265
4152 12944265 12946520
4153 12946520 12950739
4154 12950739 12951282
4155 12951282 12952118
4156 12952118 12954688
4157 12954688 12958933
4158 12958933 12962497
4159 12962497 12963407
4160 12963407 12967493
4161 12967493 12971013
4162 12971013 12972240
4163 12972240 12974641
4164 12974641 12977301
4165 12977301 12984708
4166 12984708 12986008
4167 12986008 12987086
4168 12987086 12996166
4169 12996166 13007435
4170 13007435 13016689
4171 13016689 13032698
4172 13032698 13041454
4173 13041454 13049902
4174 13049902 13057285
4175 13057285 13068579
4176 13068579 13088086
4177 13088086 13101643
4178 13101643 13107128
4179 13107128 13107621
4180 13107621 13108454
4181 13108454 13111651
4182 13111651 13118994
4183 13118994 13119534
4184 13119534 13121072
4185 13121072 13124532
4186 13124532 13126636
4187 13126636 13135806
4188 13135806 13143830
4189 13143830 13152397
4190 13152397 13157089
4191 13157089 13159779
4192 13159779 13163863
4193 13163863 13168944
4194 13168944 13176097
4195 13176097 13179505
4196 13179505 13182340
4197 13182340 13183020
4198 13183020 13184073
4199 13184073 13185714
4200 13185714 13192393
4201 13192393 13193742
4202 13193742 13205194
4203 13205194 13211543
4204 13211543 13215983
4205 13215983 13241790
4206 13241790 13245541
4207 13245541 13250685
4208 13250685 13259092
4209 13259092 13268866
4210 13268866 13273500
4211 13273500 13279874
4212 13279874 13289474
4213 13289474 13302322
4214 13302322 13307015
4215 13307015 13317976
4216 13317976 13324251
4217 13324251 13329363
4218 13329363 13331121
4219 13331121 13334938
4220 13334938 13339706
4221 13339706 13343417
4222 13343417 13354136
4223 13354136 13364053
4224 13364053 13370904
4225 13370904 13377016
4226 13377016 13383606
4227 13383606 13389414
4228 13389414 13393515
4229 13393515 13397425
4230 13397425 13400931
4231 13400931 13404776
4232 13404776 13408111
4233 13408111 13420390
4234 13420390 13433236
4235 13433236 13437468
4236 13437468 13440332
4237 13440332 13445907
4238 13445907 13461828
4239 13461828 13466124
4240 13466124 13466844
4241 13466844 13468049
4242 13468049 13472462
4243 13472462 13476849
4244 13476849 13478941
4245 13478941 13491982
4246 13491982 13498692
4247 13498692 13507529
4248 13507529 13515279
4249 13515279 13525980
4250 13525980 13526197
4251 13526197 13533205
4252 13533205 13542156
4253 13542156 13544501
4254 13544501 13552668
4255 13552668 13560967
4256 13560967 13564867
4257 13564867 13570627
4258 13570627 13580898
4259 13580898 13583448
4260 13583448 13597195
4261 13597195 13601885
4262 13601885 13602417
4263 13602417 13603953
4264 13603953 13607044
